0.000000, 1.000000
0.000977, 1.012812
0.001953, 1.029479
0.002930, 1.064013
0.003906, 1.084648
0.004883, 1.076685
0.005859, 1.079812
0.006836, 1.069101
0.007812, 1.085569
0.008789, 1.060078
0.009766, 1.070905
0.010742, 1.058100
0.011719, 1.105139
0.012695, 1.090729
0.013672, 1.068414
0.014648, 1.083286
0.015625, 1.075863
0.016602, 1.082318
0.017578, 1.037340
0.018555, 1.043749
0.019531, 1.055141
0.020508, 1.047433
0.021484, 1.070935
0.022461, 1.079738
0.023438, 1.079770
0.024414, 1.091261
0.025391, 1.088142
0.026367, 1.119597
0.027344, 1.105396
0.028320, 1.142677
0.029297, 1.157342
0.030273, 1.185625
0.031250, 1.153345
0.032227, 1.122750
0.033203, 1.098764
0.034180, 1.090361
0.035156, 1.099967
0.036133, 1.138069
0.037109, 1.121646
0.038086, 1.112614
0.039062, 1.107618
0.040039, 1.112411
0.041016, 1.120303
0.041992, 1.153636
0.042969, 1.165857
0.043945, 1.159602
0.044922, 1.162108
0.045898, 1.161801
0.046875, 1.161089
0.047852, 1.211862
0.048828, 1.219672
0.049805, 1.230763
0.050781, 1.234434
0.051758, 1.233963
0.052734, 1.249156
0.053711, 1.224040
0.054688, 1.205673
0.055664, 1.225332
0.056641, 1.197487
0.057617, 1.201377
0.058594, 1.216148
0.059570, 1.229555
0.060547, 1.224262
0.061523, 1.229916
0.062500, 1.241654
0.063477, 1.218203
0.064453, 1.213460
0.065430, 1.235146
0.066406, 1.252386
0.067383, 1.240447
0.068359, 1.226960
0.069336, 1.236670
0.070312, 1.190437
0.071289, 1.220084
0.072266, 1.227374
0.073242, 1.171792
0.074219, 1.180922
0.075195, 1.170809
0.076172, 1.162245
0.077148, 1.178612
0.078125, 1.177863
0.079102, 1.183109
0.080078, 1.181817
0.081055, 1.169844
0.082031, 1.161759
0.083008, 1.173588
0.083984, 1.154892
0.084961, 1.149405
0.085938, 1.132883
0.086914, 1.080597
0.087891, 1.063917
0.088867, 1.054877
0.089844, 1.040197
0.090820, 1.057017
0.091797, 1.051864
0.092773, 1.030609
0.093750, 1.009744
0.094727, 1.040473
0.095703, 1.060699
0.096680, 1.066436
0.097656, 1.087866
0.098633, 1.068183
0.099609, 1.042017
0.100586, 1.063312
0.101562, 1.058865
0.102539, 1.053585
0.103516, 1.060890
0.104492, 1.070900
0.105469, 1.028243
0.106445, 1.002704
0.107422, 0.980445
0.108398, 0.960649
0.109375, 0.953360
0.110352, 0.959774
0.111328, 0.939188
0.112305, 0.951582
0.113281, 0.992468
0.114258, 0.987367
0.115234, 0.974160
0.116211, 0.978108
0.117188, 0.975037
0.118164, 0.989895
0.119141, 1.027050
0.120117, 1.032025
0.121094, 1.042574
0.122070, 1.033763
0.123047, 1.034032
0.124023, 1.044138
0.125000, 1.063377
0.125977, 1.052453
0.126953, 1.081396
0.127930, 1.111780
0.128906, 1.121095
0.129883, 1.130626
0.130859, 1.147926
0.131836, 1.142890
0.132812, 1.094975
0.133789, 1.075837
0.134766, 1.049610
0.135742, 1.021697
0.136719, 1.028751
0.137695, 1.005386
0.138672, 0.973982
0.139648, 0.947663
0.140625, 0.944171
0.141602, 0.921631
0.142578, 0.958831
0.143555, 0.961064
0.144531, 0.953405
0.145508, 0.955900
0.146484, 0.920384
0.147461, 0.910695
0.148438, 0.938947
0.149414, 0.960733
0.150391, 0.942125
0.151367, 0.981199
0.152344, 0.963323
0.153320, 0.956704
0.154297, 0.927622
0.155273, 0.904539
0.156250, 0.888943
0.157227, 0.885884
0.158203, 0.859878
0.159180, 0.866544
0.160156, 0.869685
0.161133, 0.867900
0.162109, 0.876244
0.163086, 0.858247
0.164062, 0.848892
0.165039, 0.838712
0.166016, 0.863656
0.166992, 0.861086
0.167969, 0.847345
0.168945, 0.822483
0.169922, 0.817282
0.170898, 0.823556
0.171875, 0.836346
0.172852, 0.847723
0.173828, 0.822621
0.174805, 0.819284
0.175781, 0.825375
0.176758, 0.810072
0.177734, 0.818492
0.178711, 0.812971
0.179688, 0.815968
0.180664, 0.810556
0.181641, 0.842300
0.182617, 0.857831
0.183594, 0.880167
0.184570, 0.866352
0.185547, 0.877638
0.186523, 0.874664
0.187500, 0.859685
0.188477, 0.884295
0.189453, 0.888468
0.190430, 0.901474
0.191406, 0.910016
0.192383, 0.908574
0.193359, 0.893447
0.194336, 0.886944
0.195312, 0.880460
0.196289, 0.889426
0.197266, 0.905543
0.198242, 0.899910
0.199219, 0.919609
0.200195, 0.928853
0.201172, 0.928681
0.202148, 0.901878
0.203125, 0.905433
0.204102, 0.887506
0.205078, 0.881293
0.206055, 0.900425
0.207031, 0.921153
0.208008, 0.939138
0.208984, 0.938373
0.209961, 0.925229
0.210938, 0.934676
0.211914, 0.925884
0.212891, 0.924841
0.213867, 0.926759
0.214844, 0.928656
0.215820, 0.915370
0.216797, 0.935082
0.217773, 0.919146
0.218750, 0.916798
0.219727, 0.908011
0.220703, 0.881989
0.221680, 0.879706
0.222656, 0.868007
0.223633, 0.857362
0.224609, 0.862415
0.225586, 0.857250
0.226562, 0.869771
0.227539, 0.855878
0.228516, 0.861696
0.229492, 0.841080
0.230469, 0.828037
0.231445, 0.806723
0.232422, 0.809192
0.233398, 0.821901
0.234375, 0.816891
0.235352, 0.811932
0.236328, 0.828374
0.237305, 0.811700
0.238281, 0.820231
0.239258, 0.863082
0.240234, 0.854626
0.241211, 0.830377
0.242188, 0.808104
0.243164, 0.829534
0.244141, 0.830708
0.245117, 0.834715
0.246094, 0.815647
0.247070, 0.815157
0.248047, 0.809316
0.249023, 0.832706
0.250000, 0.838569
0.250977, 0.850990
0.251953, 0.837986
0.252930, 0.836786
0.253906, 0.813167
0.254883, 0.807630
0.255859, 0.769822
0.256836, 0.770647
0.257812, 0.822374
0.258789, 0.798010
0.259766, 0.799856
0.260742, 0.789736
0.261719, 0.790401
0.262695, 0.775055
0.263672, 0.759991
0.264648, 0.737753
0.265625, 0.743539
0.266602, 0.736427
0.267578, 0.737067
0.268555, 0.728931
0.269531, 0.747740
0.270508, 0.772259
0.271484, 0.768771
0.272461, 0.794259
0.273438, 0.786668
0.274414, 0.792146
0.275391, 0.794897
0.276367, 0.798606
0.277344, 0.798944
0.278320, 0.785162
0.279297, 0.791645
0.280273, 0.784764
0.281250, 0.782187
0.282227, 0.765204
0.283203, 0.774259
0.284180, 0.766215
0.285156, 0.760321
0.286133, 0.770384
0.287109, 0.767410
0.288086, 0.756005
0.289062, 0.772387
0.290039, 0.766991
0.291016, 0.755926
0.291992, 0.783707
0.292969, 0.798170
0.293945, 0.797735
0.294922, 0.807676
0.295898, 0.808086
0.296875, 0.793985
0.297852, 0.776845
0.298828, 0.789707
0.299805, 0.816089
0.300781, 0.848594
0.301758, 0.844913
0.302734, 0.870891
0.303711, 0.893066
0.304688, 0.892318
0.305664, 0.887671
0.306641, 0.883470
0.307617, 0.879123
0.308594, 0.858651
0.309570, 0.834070
0.310547, 0.805169
0.311523, 0.818017
0.312500, 0.804378
0.313477, 0.807891
0.314453, 0.843908
0.315430, 0.858381
0.316406, 0.835380
0.317383, 0.844019
0.318359, 0.858349
0.319336, 0.885376
0.320312, 0.899350
0.321289, 0.916991
0.322266, 0.915293
0.323242, 0.890599
0.324219, 0.902462
0.325195, 0.889755
0.326172, 0.902070
0.327148, 0.938443
0.328125, 0.926863
0.329102, 0.925492
0.330078, 0.921421
0.331055, 0.951264
0.332031, 0.952488
0.333008, 0.963840
0.333984, 0.958196
0.334961, 0.969493
0.335938, 0.974989
0.336914, 0.967926
0.337891, 0.985541
0.338867, 0.966193
0.339844, 0.979860
0.340820, 0.977297
0.341797, 0.938884
0.342773, 0.913577
0.343750, 0.934039
0.344727, 0.922689
0.345703, 0.921338
0.346680, 0.905334
0.347656, 0.899582
0.348633, 0.900441
0.349609, 0.885586
0.350586, 0.895052
0.351562, 0.906547
0.352539, 0.914189
0.353516, 0.931418
0.354492, 0.926255
0.355469, 0.890904
0.356445, 0.912835
0.357422, 0.911668
0.358398, 0.917616
0.359375, 0.928299
0.360352, 0.918996
0.361328, 0.922976
0.362305, 0.947755
0.363281, 0.941853
0.364258, 0.960027
0.365234, 0.959449
0.366211, 0.948032
0.367188, 0.943551
0.368164, 0.944229
0.369141, 0.971940
0.370117, 0.986591
0.371094, 0.982119
0.372070, 0.972968
0.373047, 0.989297
0.374023, 0.978750
0.375000, 0.972597
0.375977, 0.963076
0.376953, 0.939806
0.377930, 0.929067
0.378906, 0.918370
0.379883, 0.949069
0.380859, 0.971658
0.381836, 0.970969
0.382812, 0.960880
0.383789, 0.981724
0.384766, 0.976028
0.385742, 0.963823
0.386719, 0.982449
0.387695, 0.975868
0.388672, 0.976766
0.389648, 0.994509
0.390625, 0.988732
0.391602, 0.955646
0.392578, 0.943740
0.393555, 0.937777
0.394531, 0.943747
0.395508, 0.961361
0.396484, 1.000269
0.397461, 1.022097
0.398438, 1.020920
0.399414, 0.990447
0.400391, 0.996820
0.401367, 0.984008
0.402344, 0.982137
0.403320, 0.979800
0.404297, 0.956358
0.405273, 0.993583
0.406250, 1.004899
0.407227, 0.982272
0.408203, 0.989335
0.409180, 0.990250
0.410156, 0.982209
0.411133, 0.972258
0.412109, 0.987527
0.413086, 0.976612
0.414062, 0.958028
0.415039, 0.955078
0.416016, 0.952249
0.416992, 0.927996
0.417969, 0.940707
0.418945, 0.959374
0.419922, 0.970280
0.420898, 0.963396
0.421875, 0.933546
0.422852, 0.935768
0.423828, 0.905743
0.424805, 0.912963
0.425781, 0.925506
0.426758, 0.934842
0.427734, 0.915453
0.428711, 0.920457
0.429688, 0.945620
0.430664, 0.927700
0.431641, 0.954164
0.432617, 0.943412
0.433594, 0.937492
0.434570, 0.940781
0.435547, 0.927100
0.436523, 0.931085
0.437500, 0.905735
0.438477, 0.894308
0.439453, 0.877956
0.440430, 0.854305
0.441406, 0.856125
0.442383, 0.830028
0.443359, 0.809040
0.444336, 0.813976
0.445312, 0.803828
0.446289, 0.788291
0.447266, 0.782190
0.448242, 0.791762
0.449219, 0.835301
0.450195, 0.834702
0.451172, 0.826634
0.452148, 0.845718
0.453125, 0.842977
0.454102, 0.864419
0.455078, 0.881247
0.456055, 0.902802
0.457031, 0.874281
0.458008, 0.863696
0.458984, 0.853314
0.459961, 0.830947
0.460938, 0.823970
0.461914, 0.814746
0.462891, 0.817938
0.463867, 0.807537
0.464844, 0.801464
0.465820, 0.811534
0.466797, 0.805250
0.467773, 0.817089
0.468750, 0.798056
0.469727, 0.813097
0.470703, 0.813677
0.471680, 0.807868
0.472656, 0.817344
0.473633, 0.798117
0.474609, 0.802448
0.475586, 0.848475
0.476562, 0.878227
0.477539, 0.860298
0.478516, 0.889244
0.479492, 0.885815
0.480469, 0.896530
0.481445, 0.903516
0.482422, 0.889103
0.483398, 0.942591
0.484375, 0.947330
0.485352, 0.975380
0.486328, 0.967479
0.487305, 1.001428
0.488281, 1.012196
0.489258, 1.026500
0.490234, 1.065482
0.491211, 1.071449
0.492188, 1.068611
0.493164, 1.099307
0.494141, 1.068483
0.495117, 1.087559
0.496094, 1.126995
0.497070, 1.132883
0.498047, 1.143931
0.499023, 1.114025
0.500000, 1.131140
0.500977, 1.102671
0.501953, 1.097864
0.502930, 1.094643
0.503906, 1.126714
0.504883, 1.120281
0.505859, 1.093642
0.506836, 1.118767
0.507812, 1.126785
0.508789, 1.092362
0.509766, 1.089710
0.510742, 1.078405
0.511719, 1.071370
0.512695, 1.031701
0.513672, 1.041448
0.514648, 1.014231
0.515625, 1.027385
0.516602, 1.031825
0.517578, 1.078279
0.518555, 1.037563
0.519531, 1.047388
0.520508, 1.049442
0.521484, 1.023498
0.522461, 1.026867
0.523438, 1.006439
0.524414, 0.978973
0.525391, 0.982079
0.526367, 0.999388
0.527344, 1.015444
0.528320, 1.030772
0.529297, 1.046837
0.530273, 1.056378
0.531250, 1.078102
0.532227, 1.085408
0.533203, 1.082186
0.534180, 1.091328
0.535156, 1.103285
0.536133, 1.107924
0.537109, 1.135322
0.538086, 1.172078
0.539062, 1.141599
0.540039, 1.161657
0.541016, 1.139511
0.541992, 1.181578
0.542969, 1.160879
0.543945, 1.149078
0.544922, 1.098715
0.545898, 1.105678
0.546875, 1.112448
0.547852, 1.090485
0.548828, 1.109240
0.549805, 1.111776
0.550781, 1.124457
0.551758, 1.117477
0.552734, 1.096224
0.553711, 1.109755
0.554688, 1.134750
0.555664, 1.110478
0.556641, 1.117211
0.557617, 1.117462
0.558594, 1.088419
0.559570, 1.102666
0.560547, 1.094426
0.561523, 1.069715
0.562500, 1.080401
0.563477, 1.066569
0.564453, 1.078005
0.565430, 1.074736
0.566406, 1.047956
0.567383, 1.051984
0.568359, 1.045934
0.569336, 1.028041
0.570312, 1.036506
0.571289, 1.081871
0.572266, 1.041826
0.573242, 1.014508
0.574219, 1.034423
0.575195, 1.032627
0.576172, 1.032226
0.577148, 1.033065
0.578125, 1.048496
0.579102, 1.040889
0.580078, 1.023075
0.581055, 1.027625
0.582031, 1.017708
0.583008, 1.020409
0.583984, 1.015276
0.584961, 1.014405
0.585938, 1.027766
0.586914, 1.061330
0.587891, 1.058444
0.588867, 1.054598
0.589844, 1.121810
0.590820, 1.115388
0.591797, 1.103635
0.592773, 1.133156
0.593750, 1.134140
0.594727, 1.127539
0.595703, 1.081935
0.596680, 1.102393
0.597656, 1.096379
0.598633, 1.096479
0.599609, 1.133165
0.600586, 1.153266
0.601562, 1.144849
0.602539, 1.188067
0.603516, 1.193934
0.604492, 1.187900
0.605469, 1.170536
0.606445, 1.165019
0.607422, 1.137595
0.608398, 1.130880
0.609375, 1.113644
0.610352, 1.115055
0.611328, 1.105936
0.612305, 1.091644
0.613281, 1.071219
0.614258, 1.094486
0.615234, 1.090686
0.616211, 1.094354
0.617188, 1.108790
0.618164, 1.096477
0.619141, 1.069291
0.620117, 1.047737
0.621094, 1.017174
0.622070, 1.003745
0.623047, 1.002372
0.624023, 0.975399
0.625000, 0.969628
0.625977, 0.970455
0.626953, 1.004385
0.627930, 1.019414
0.628906, 1.035274
0.629883, 1.052947
0.630859, 1.026376
0.631836, 1.031039
0.632812, 1.018436
0.633789, 1.044876
0.634766, 1.048872
0.635742, 1.071489
0.636719, 1.090904
0.637695, 1.098867
0.638672, 1.064990
0.639648, 1.087460
0.640625, 1.087945
0.641602, 1.081454
0.642578, 1.103418
0.643555, 1.105310
0.644531, 1.111027
0.645508, 1.110792
0.646484, 1.124015
0.647461, 1.115816
0.648438, 1.127420
0.649414, 1.131166
0.650391, 1.141127
0.651367, 1.155385
0.652344, 1.111971
0.653320, 1.114390
0.654297, 1.085193
0.655273, 1.079962
0.656250, 1.097501
0.657227, 1.127569
0.658203, 1.146017
0.659180, 1.156131
0.660156, 1.143957
0.661133, 1.126575
0.662109, 1.123922
0.663086, 1.137100
0.664062, 1.159469
0.665039, 1.162102
0.666016, 1.158705
0.666992, 1.162487
0.667969, 1.144008
0.668945, 1.131506
0.669922, 1.116751
0.670898, 1.169213
0.671875, 1.165338
0.672852, 1.120963
0.673828, 1.084169
0.674805, 1.077672
0.675781, 1.092812
0.676758, 1.099645
0.677734, 1.116099
0.678711, 1.138791
0.679688, 1.161785
0.680664, 1.193239
0.681641, 1.180961
0.682617, 1.162921
0.683594, 1.136732
0.684570, 1.129619
0.685547, 1.132827
0.686523, 1.127954
0.687500, 1.145915
0.688477, 1.119383
0.689453, 1.095053
0.690430, 1.101885
0.691406, 1.088179
0.692383, 1.121243
0.693359, 1.111135
0.694336, 1.089874
0.695312, 1.121994
0.696289, 1.134926
0.697266, 1.121170
0.698242, 1.116739
0.699219, 1.096039
0.700195, 1.094415
0.701172, 1.077595
0.702148, 1.069869
0.703125, 1.082331
0.704102, 1.059089
0.705078, 1.047073
0.706055, 1.047755
0.707031, 1.038501
0.708008, 1.023733
0.708984, 1.001319
0.709961, 1.015194
0.710938, 1.040807
0.711914, 1.047138
0.712891, 1.029368
0.713867, 1.023377
0.714844, 1.000902
0.715820, 1.021730
0.716797, 1.035361
0.717773, 1.047080
0.718750, 1.032396
0.719727, 1.052299
0.720703, 1.020960
0.721680, 1.043601
0.722656, 1.035541
0.723633, 1.006119
0.724609, 1.018722
0.725586, 0.997830
0.726562, 0.995283
0.727539, 1.011024
0.728516, 1.009838
0.729492, 1.024554
0.730469, 1.011749
0.731445, 1.025699
0.732422, 1.044725
0.733398, 1.037031
0.734375, 1.035686
0.735352, 0.999628
0.736328, 0.987091
0.737305, 1.013758
0.738281, 1.009636
0.739258, 0.980685
0.740234, 1.000089
0.741211, 0.969520
0.742188, 0.990647
0.743164, 1.027734
0.744141, 1.041346
0.745117, 1.033352
0.746094, 1.028613
0.747070, 1.030999
0.748047, 1.028449
0.749023, 0.996483
0.750000, 1.012546
0.750977, 0.984652
0.751953, 0.998323
0.752930, 0.998529
0.753906, 1.003717
0.754883, 0.996701
0.755859, 0.978787
0.756836, 1.000523
0.757812, 0.988223
0.758789, 0.970384
0.759766, 0.940140
0.760742, 0.945934
0.761719, 0.913985
0.762695, 0.888414
0.763672, 0.866538
0.764648, 0.847355
0.765625, 0.841505
0.766602, 0.845050
0.767578, 0.864163
0.768555, 0.876788
0.769531, 0.867424
0.770508, 0.857296
0.771484, 0.843621
0.772461, 0.851713
0.773438, 0.838128
0.774414, 0.836260
0.775391, 0.835394
0.776367, 0.847534
0.777344, 0.839057
0.778320, 0.830484
0.779297, 0.824598
0.780273, 0.805330
0.781250, 0.778506
0.782227, 0.784552
0.783203, 0.790592
0.784180, 0.811203
0.785156, 0.816570
0.786133, 0.818994
0.787109, 0.806076
0.788086, 0.807569
0.789062, 0.798971
0.790039, 0.810430
0.791016, 0.798940
0.791992, 0.782122
0.792969, 0.795597
0.793945, 0.795699
0.794922, 0.804983
0.795898, 0.792666
0.796875, 0.768984
0.797852, 0.783999
0.798828, 0.802890
0.799805, 0.791120
0.800781, 0.796058
0.801758, 0.793189
0.802734, 0.762510
0.803711, 0.777840
0.804688, 0.770581
0.805664, 0.755337
0.806641, 0.753240
0.807617, 0.757382
0.808594, 0.772783
0.809570, 0.772583
0.810547, 0.761291
0.811523, 0.771687
0.812500, 0.786880
0.813477, 0.792319
0.814453, 0.757922
0.815430, 0.754744
0.816406, 0.780445
0.817383, 0.777333
0.818359, 0.767867
0.819336, 0.750399
0.820312, 0.750777
0.821289, 0.728315
0.822266, 0.731331
0.823242, 0.698061
0.824219, 0.705793
0.825195, 0.713711
0.826172, 0.728766
0.827148, 0.718224
0.828125, 0.683011
0.829102, 0.690112
0.830078, 0.696789
0.831055, 0.719990
0.832031, 0.725543
0.833008, 0.710334
0.833984, 0.718640
0.834961, 0.725235
0.835938, 0.732975
0.836914, 0.730974
0.837891, 0.727245
0.838867, 0.735160
0.839844, 0.724084
0.840820, 0.742342
0.841797, 0.730504
0.842773, 0.744929
0.843750, 0.741117
0.844727, 0.753731
0.845703, 0.762852
0.846680, 0.744958
0.847656, 0.751783
0.848633, 0.742119
0.849609, 0.763425
0.850586, 0.781853
0.851562, 0.771013
0.852539, 0.762478
0.853516, 0.759336
0.854492, 0.770976
0.855469, 0.787241
0.856445, 0.792966
0.857422, 0.788332
0.858398, 0.784878
0.859375, 0.793181
0.860352, 0.789461
0.861328, 0.786146
0.862305, 0.786606
0.863281, 0.786008
0.864258, 0.783111
0.865234, 0.777967
0.866211, 0.757357
0.867188, 0.752719
0.868164, 0.803747
0.869141, 0.813832
0.870117, 0.809464
0.871094, 0.799267
0.872070, 0.790523
0.873047, 0.781977
0.874023, 0.768328
0.875000, 0.763246
0.875977, 0.772945
0.876953, 0.801420
0.877930, 0.809339
0.878906, 0.801011
0.879883, 0.803560
0.880859, 0.794798
0.881836, 0.802741
0.882812, 0.768116
0.883789, 0.761115
0.884766, 0.774968
0.885742, 0.794715
0.886719, 0.773735
0.887695, 0.756529
0.888672, 0.751245
0.889648, 0.736163
0.890625, 0.764116
0.891602, 0.758014
0.892578, 0.737024
0.893555, 0.726516
0.894531, 0.714947
0.895508, 0.717157
0.896484, 0.741134
0.897461, 0.732548
0.898438, 0.720984
0.899414, 0.707312
0.900391, 0.696070
0.901367, 0.714959
0.902344, 0.730510
0.903320, 0.733158
0.904297, 0.739485
0.905273, 0.723686
0.906250, 0.722265
0.907227, 0.746897
0.908203, 0.741631
0.909180, 0.742243
0.910156, 0.760836
0.911133, 0.766222
0.912109, 0.770471
0.913086, 0.784645
0.914062, 0.800139
0.915039, 0.789315
0.916016, 0.792511
0.916992, 0.771136
0.917969, 0.753988
0.918945, 0.762211
0.919922, 0.771969
0.920898, 0.774379
0.921875, 0.773018
0.922852, 0.772983
0.923828, 0.788264
0.924805, 0.811928
0.925781, 0.807789
0.926758, 0.818159
0.927734, 0.820637
0.928711, 0.819306
0.929688, 0.805145
0.930664, 0.776823
0.931641, 0.761615
0.932617, 0.757310
0.933594, 0.768513
0.934570, 0.758303
0.935547, 0.747167
0.936523, 0.750941
0.937500, 0.764658
0.938477, 0.761076
0.939453, 0.770381
0.940430, 0.767815
0.941406, 0.761267
0.942383, 0.763454
0.943359, 0.739376
0.944336, 0.724768
0.945312, 0.714805
0.946289, 0.706899
0.947266, 0.707807
0.948242, 0.700069
0.949219, 0.700830
0.950195, 0.721601
0.951172, 0.733076
0.952148, 0.730711
0.953125, 0.724595
0.954102, 0.745667
0.955078, 0.735770
0.956055, 0.743594
0.957031, 0.758659
0.958008, 0.748724
0.958984, 0.752277
0.959961, 0.743048
0.960938, 0.730832
0.961914, 0.740382
0.962891, 0.718793
0.963867, 0.710197
0.964844, 0.711834
0.965820, 0.688015
0.966797, 0.681496
0.967773, 0.682969
0.968750, 0.678410
0.969727, 0.681068
0.970703, 0.700838
0.971680, 0.720033
0.972656, 0.727386
0.973633, 0.749365
0.974609, 0.727206
0.975586, 0.732724
0.976562, 0.712843
0.977539, 0.727767
0.978516, 0.712336
0.979492, 0.729927
0.980469, 0.719624
0.981445, 0.721999
0.982422, 0.730974
0.983398, 0.732339
0.984375, 0.708439
0.985352, 0.716872
0.986328, 0.717027
0.987305, 0.709736
0.988281, 0.698032
0.989258, 0.699138
0.990234, 0.727987
0.991211, 0.708215
0.992188, 0.686826
0.993164, 0.665455
0.994141, 0.668342
0.995117, 0.693101
0.996094, 0.668289
0.997070, 0.681599
0.998047, 0.679198
0.999023, 0.700835
1.000000, 0.710136
1.000977, 0.700578
1.001953, 0.701715
1.002930, 0.703862
1.003906, 0.689234
1.004883, 0.680379
1.005859, 0.669680
1.006836, 0.663669
1.007812, 0.675754
1.008789, 0.685548
1.009766, 0.668096
1.010742, 0.665593
1.011719, 0.665659
1.012695, 0.661420
1.013672, 0.670428
1.014648, 0.681608
1.015625, 0.692092
1.016602, 0.717531
1.017578, 0.718156
1.018555, 0.745349
1.019531, 0.772271
1.020508, 0.787164
1.021484, 0.801874
1.022461, 0.796831
1.023438, 0.802996
1.024414, 0.804407
1.025391, 0.813140
1.026367, 0.806019
1.027344, 0.820777
1.028320, 0.840239
1.029297, 0.870213
1.030273, 0.880266
1.031250, 0.857662
1.032227, 0.855703
1.033203, 0.848946
1.034180, 0.837792
1.035156, 0.857597
1.036133, 0.859116
1.037109, 0.844150
1.038086, 0.838474
1.039062, 0.817992
1.040039, 0.809881
1.041016, 0.830962
1.041992, 0.810926
1.042969, 0.807571
1.043945, 0.805054
1.044922, 0.803292
1.045898, 0.819668
1.046875, 0.821441
1.047852, 0.828406
1.048828, 0.840420
1.049805, 0.854112
1.050781, 0.831169
1.051758, 0.850592
1.052734, 0.846962
1.053711, 0.846132
1.054688, 0.843567
1.055664, 0.847486
1.056641, 0.839275
1.057617, 0.859410
1.058594, 0.904472
1.059570, 0.888701
1.060547, 0.922837
1.061523, 0.957079
1.062500, 0.969099
1.063477, 0.960131
1.064453, 0.959570
1.065430, 0.958322
1.066406, 0.951729
1.067383, 0.929688
1.068359, 0.915873
1.069336, 0.921699
1.070312, 0.947806
1.071289, 0.949940
1.072266, 0.973609
1.073242, 0.964495
1.074219, 0.986181
1.075195, 0.989856
1.076172, 0.995743
1.077148, 0.975325
1.078125, 0.972316
1.079102, 0.969405
1.080078, 0.983869
1.081055, 0.969210
1.082031, 0.945590
1.083008, 0.934464
1.083984, 0.946570
1.084961, 0.940091
1.085938, 0.977377
1.086914, 0.942584
1.087891, 0.947256
1.088867, 0.942935
1.089844, 0.947266
1.090820, 0.933949
1.091797, 0.928507
1.092773, 0.901521
1.093750, 0.914247
1.094727, 0.929813
1.095703, 0.919151
1.096680, 0.928888
1.097656, 0.930721
1.098633, 0.943644
1.099609, 0.940908
1.100586, 0.949577
1.101562, 0.960732
1.102539, 0.968993
1.103516, 0.925347
1.104492, 0.919763
1.105469, 0.923974
1.106445, 0.945175
1.107422, 0.970198
1.108398, 0.992579
1.109375, 0.975739
1.110352, 0.999055
1.111328, 0.954730
1.112305, 0.951547
1.113281, 0.973585
1.114258, 0.959994
1.115234, 0.943397
1.116211, 0.956164
1.117188, 0.926144
1.118164, 0.932832
1.119141, 0.952251
1.120117, 0.947913
1.121094, 0.962690
1.122070, 0.934458
1.123047, 0.939284
1.124023, 0.932333
1.125000, 0.912410
1.125977, 0.924638
1.126953, 0.925800
1.127930, 0.905614
1.128906, 0.885992
1.129883, 0.869890
1.130859, 0.877975
1.131836, 0.872182
1.132812, 0.872542
1.133789, 0.832733
1.134766, 0.829444
1.135742, 0.805254
1.136719, 0.806916
1.137695, 0.793806
1.138672, 0.835738
1.139648, 0.836364
1.140625, 0.850017
1.141602, 0.860576
1.142578, 0.870160
1.143555, 0.902034
1.144531, 0.896236
1.145508, 0.854794
1.146484, 0.878612
1.147461, 0.895521
1.148438, 0.908582
1.149414, 0.889500
1.150391, 0.898567
1.151367, 0.914546
1.152344, 0.883495
1.153320, 0.888811
1.154297, 0.864537
1.155273, 0.878866
1.156250, 0.870179
1.157227, 0.856073
1.158203, 0.848238
1.159180, 0.840102
1.160156, 0.839654
1.161133, 0.852949
1.162109, 0.851467
1.163086, 0.818671
1.164062, 0.818559
1.165039, 0.819812
1.166016, 0.798496
1.166992, 0.792401
1.167969, 0.783917
1.168945, 0.777719
1.169922, 0.790452
1.170898, 0.777041
1.171875, 0.771926
1.172852, 0.761636
1.173828, 0.768261
1.174805, 0.759429
1.175781, 0.739590
1.176758, 0.723846
1.177734, 0.727562
1.178711, 0.725538
1.179688, 0.707866
1.180664, 0.694893
1.181641, 0.709484
1.182617, 0.710667
1.183594, 0.709720
1.184570, 0.704394
1.185547, 0.700539
1.186523, 0.702986
1.187500, 0.663350
1.188477, 0.645748
1.189453, 0.656207
1.190430, 0.667685
1.191406, 0.679289
1.192383, 0.703817
1.193359, 0.721814
1.194336, 0.729526
1.195312, 0.719219
1.196289, 0.726625
1.197266, 0.716138
1.198242, 0.718075
1.199219, 0.713450
1.200195, 0.701865
1.201172, 0.702957
1.202148, 0.717564
1.203125, 0.721955
1.204102, 0.740601
1.205078, 0.758864
1.206055, 0.750138
1.207031, 0.784798
1.208008, 0.771780
1.208984, 0.793793
1.209961, 0.805977
1.210938, 0.821307
1.211914, 0.843191
1.212891, 0.875538
1.213867, 0.904587
1.214844, 0.918798
1.215820, 0.895404
1.216797, 0.920222
1.217773, 0.905926
1.218750, 0.901503
1.219727, 0.907447
1.220703, 0.930777
1.221680, 0.918394
1.222656, 0.929661
1.223633, 0.952547
1.224609, 0.947229
1.225586, 0.958881
1.226562, 0.936664
1.227539, 0.935997
1.228516, 0.951781
1.229492, 0.960353
1.230469, 0.972442
1.231445, 0.968114
1.232422, 0.962957
1.233398, 0.959355
1.234375, 0.985098
1.235352, 1.001402
1.236328, 1.014114
1.237305, 1.006733
1.238281, 0.995634
1.239258, 0.997677
1.240234, 0.984713
1.241211, 0.947510
1.242188, 0.957247
1.243164, 0.944919
1.244141, 0.964149
1.245117, 0.968413
1.246094, 0.979070
1.247070, 0.979088
1.248047, 0.948039
1.249023, 0.944979
1.250000, 0.937284
1.250977, 0.933617
1.251953, 0.916893
1.252930, 0.932864
1.253906, 0.919738
1.254883, 0.926207
1.255859, 0.930319
1.256836, 0.913879
1.257812, 0.907311
1.258789, 0.892968
1.259766, 0.896301
1.260742, 0.934411
1.261719, 0.904494
1.262695, 0.926545
1.263672, 0.919988
1.264648, 0.951472
1.265625, 0.934259
1.266602, 0.937003
1.267578, 0.923111
1.268555, 0.935122
1.269531, 0.932912
1.270508, 0.949699
1.271484, 0.958986
1.272461, 0.981564
1.273438, 1.027906
1.274414, 1.024878
1.275391, 0.969281
1.276367, 0.961566
1.277344, 0.950600
1.278320, 0.982025
1.279297, 1.001314
1.280273, 1.011793
1.281250, 1.014105
1.282227, 0.954181
1.283203, 0.975414
1.284180, 0.997822
1.285156, 0.991107
1.286133, 1.007748
1.287109, 0.988751
1.288086, 0.995210
1.289062, 0.991838
1.290039, 1.001462
1.291016, 0.991672
1.291992, 0.978488
1.292969, 0.973986
1.293945, 0.948692
1.294922, 0.931359
1.295898, 0.924597
1.296875, 0.941471
1.297852, 0.949955
1.298828, 0.963264
1.299805, 0.993738
1.300781, 0.947813
1.301758, 0.942974
1.302734, 0.955746
1.303711, 0.978569
1.304688, 0.952800
1.305664, 0.964556
1.306641, 0.946935
1.307617, 0.946421
1.308594, 0.947643
1.309570, 0.922590
1.310547, 0.956398
1.311523, 0.944326
1.312500, 0.926926
1.313477, 0.914114
1.314453, 0.922695
1.315430, 0.940937
1.316406, 0.904644
1.317383, 0.894674
1.318359, 0.914503
1.319336, 0.942882
1.320312, 0.944381
1.321289, 0.942160
1.322266, 0.909975
1.323242, 0.881931
1.324219, 0.880438
1.325195, 0.907443
1.326172, 0.930236
1.327148, 0.913787
1.328125, 0.926815
1.329102, 0.913467
1.330078, 0.903444
1.331055, 0.881032
1.332031, 0.894848
1.333008, 0.936696
1.333984, 0.962113
1.334961, 0.970524
1.335938, 0.973238
1.336914, 0.985094
1.337891, 0.976109
1.338867, 0.962234
1.339844, 0.952585
1.340820, 1.014309
1.341797, 1.031624
1.342773, 1.036605
1.343750, 1.070844
1.344727, 1.063167
1.345703, 1.073865
1.346680, 1.085740
1.347656, 1.107164
1.348633, 1.107870
1.349609, 1.115769
1.350586, 1.083162
1.351562, 1.102353
1.352539, 1.133472
1.353516, 1.105854
1.354492, 1.101881
1.355469, 1.100557
1.356445, 1.117857
1.357422, 1.120468
1.358398, 1.093293
1.359375, 1.074827
1.360352, 1.079190
1.361328, 1.106732
1.362305, 1.113912
1.363281, 1.114529
1.364258, 1.098281
1.365234, 1.079946
1.366211, 1.097284
1.367188, 1.075176
1.368164, 1.131446
1.369141, 1.128882
1.370117, 1.139981
1.371094, 1.147580
1.372070, 1.153732
1.373047, 1.148693
1.374023, 1.135841
1.375000, 1.138707
1.375977, 1.158020
1.376953, 1.155257
1.377930, 1.168382
1.378906, 1.186132
1.379883, 1.164304
1.380859, 1.154599
1.381836, 1.135177
1.382812, 1.132127
1.383789, 1.140540
1.384766, 1.155595
1.385742, 1.126107
1.386719, 1.154308
1.387695, 1.160787
1.388672, 1.133540
1.389648, 1.134026
1.390625, 1.139924
1.391602, 1.102841
1.392578, 1.101395
1.393555, 1.142587
1.394531, 1.138902
1.395508, 1.146468
1.396484, 1.105277
1.397461, 1.109366
1.398438, 1.116368
1.399414, 1.127738
1.400391, 1.146823
1.401367, 1.130688
1.402344, 1.135361
1.403320, 1.146076
1.404297, 1.148616
1.405273, 1.142576
1.406250, 1.134090
1.407227, 1.123259
1.408203, 1.153487
1.409180, 1.145236
1.410156, 1.145201
1.411133, 1.143326
1.412109, 1.166500
1.413086, 1.186445
1.414062, 1.172155
1.415039, 1.194595
1.416016, 1.184490
1.416992, 1.139798
1.417969, 1.193273
1.418945, 1.214107
1.419922, 1.197369
1.420898, 1.181158
1.421875, 1.178064
1.422852, 1.173125
1.423828, 1.188511
1.424805, 1.194512
1.425781, 1.191715
1.426758, 1.212209
1.427734, 1.240931
1.428711, 1.236850
1.429688, 1.206879
1.430664, 1.210973
1.431641, 1.219695
1.432617, 1.234366
1.433594, 1.213450
1.434570, 1.254759
1.435547, 1.224624
1.436523, 1.175355
1.437500, 1.211518
1.438477, 1.227993
1.439453, 1.222043
1.440430, 1.215324
1.441406, 1.224308
1.442383, 1.217105
1.443359, 1.217709
1.444336, 1.244201
1.445312, 1.248249
1.446289, 1.212002
1.447266, 1.195548
1.448242, 1.190676
1.449219, 1.198005
1.450195, 1.188024
1.451172, 1.150952
1.452148, 1.141413
1.453125, 1.123713
1.454102, 1.132380
1.455078, 1.114340
1.456055, 1.101719
1.457031, 1.104703
1.458008, 1.109568
1.458984, 1.130800
1.459961, 1.144557
1.460938, 1.155184
1.461914, 1.148924
1.462891, 1.143499
1.463867, 1.121517
1.464844, 1.120743
1.465820, 1.108608
1.466797, 1.095525
1.467773, 1.137738
1.468750, 1.121763
1.469727, 1.122881
1.470703, 1.125068
1.471680, 1.139259
1.472656, 1.150185
1.473633, 1.120091
1.474609, 1.131146
1.475586, 1.135675
1.476562, 1.091595
1.477539, 1.095640
1.478516, 1.094797
1.479492, 1.114294
1.480469, 1.106484
1.481445, 1.115694
1.482422, 1.156893
1.483398, 1.147622
1.484375, 1.150846
1.485352, 1.115815
1.486328, 1.117290
1.487305, 1.092411
1.488281, 1.112013
1.489258, 1.075103
1.490234, 1.112109
1.491211, 1.106988
1.492188, 1.136827
1.493164, 1.123563
1.494141, 1.103896
1.495117, 1.133744
1.496094, 1.152721
1.497070, 1.124031
1.498047, 1.109719
1.499023, 1.078292
1.500000, 1.083870
1.500977, 1.106635
1.501953, 1.084958
1.502930, 1.086530
1.503906, 1.097654
1.504883, 1.093221
1.505859, 1.137808
1.506836, 1.133157
1.507812, 1.146392
1.508789, 1.148797
1.509766, 1.142709
1.510742, 1.142389
1.511719, 1.164480
1.512695, 1.170303
1.513672, 1.214054
1.514648, 1.221838
1.515625, 1.199294
1.516602, 1.197561
1.517578, 1.173704
1.518555, 1.190011
1.519531, 1.187583
1.520508, 1.197318
1.521484, 1.189410
1.522461, 1.188666
1.523438, 1.156492
1.524414, 1.156673
1.525391, 1.164040
1.526367, 1.161905
1.527344, 1.151359
1.528320, 1.172470
1.529297, 1.193930
1.530273, 1.195467
1.531250, 1.180482
1.532227, 1.206484
1.533203, 1.209808
1.534180, 1.238945
1.535156, 1.248612
1.536133, 1.295774
1.537109, 1.287354
1.538086, 1.282170
1.539062, 1.237464
1.540039, 1.210825
1.541016, 1.208039
1.541992, 1.200562
1.542969, 1.196659
1.543945, 1.228816
1.544922, 1.226570
1.545898, 1.220714
1.546875, 1.256451
1.547852, 1.273390
1.548828, 1.302759
1.549805, 1.272447
1.550781, 1.284254
1.551758, 1.260489
1.552734, 1.273086
1.553711, 1.294323
1.554688, 1.307002
1.555664, 1.344610
1.556641, 1.322290
1.557617, 1.284579
1.558594, 1.281339
1.559570, 1.304968
1.560547, 1.318511
1.561523, 1.291623
1.562500, 1.271011
1.563477, 1.275652
1.564453, 1.276846
1.565430, 1.297634
1.566406, 1.265888
1.567383, 1.234585
1.568359, 1.261036
1.569336, 1.246197
1.570312, 1.243593
1.571289, 1.253421
1.572266, 1.216419
1.573242, 1.211943
1.574219, 1.193655
1.575195, 1.229843
1.576172, 1.251256
1.577148, 1.249371
1.578125, 1.253379
1.579102, 1.246519
1.580078, 1.242015
1.581055, 1.249971
1.582031, 1.245467
1.583008, 1.258409
1.583984, 1.289729
1.584961, 1.283430
1.585938, 1.254274
1.586914, 1.267729
1.587891, 1.261165
1.588867, 1.249732
1.589844, 1.261415
1.590820, 1.267077
1.591797, 1.302198
1.592773, 1.315062
1.593750, 1.326896
1.594727, 1.336667
1.595703, 1.330739
1.596680, 1.307159
1.597656, 1.314144
1.598633, 1.303556
1.599609, 1.342168
1.600586, 1.346753
1.601562, 1.322556
1.602539, 1.289086
1.603516, 1.292143
1.604492, 1.302682
1.605469, 1.305792
1.606445, 1.294363
1.607422, 1.291093
1.608398, 1.271047
1.609375, 1.238941
1.610352, 1.266033
1.611328, 1.240691
1.612305, 1.270732
1.613281, 1.290138
1.614258, 1.267309
1.615234, 1.298536
1.616211, 1.349885
1.617188, 1.341479
1.618164, 1.346776
1.619141, 1.321405
1.620117, 1.329355
1.621094, 1.342557
1.622070, 1.379529
1.623047, 1.393817
1.624023, 1.402311
1.625000, 1.436054
1.625977, 1.427645
1.626953, 1.426143
1.627930, 1.485539
1.628906, 1.471870
1.629883, 1.486453
1.630859, 1.455417
1.631836, 1.477275
1.632812, 1.469697
1.633789, 1.431308
1.634766, 1.449616
1.635742, 1.432242
1.636719, 1.448011
1.637695, 1.452415
1.638672, 1.464535
1.639648, 1.454118
1.640625, 1.408008
1.641602, 1.437444
1.642578, 1.428581
1.643555, 1.395766
1.644531, 1.397092
1.645508, 1.357455
1.646484, 1.405240
1.647461, 1.406933
1.648438, 1.351057
1.649414, 1.398159
1.650391, 1.402909
1.651367, 1.387417
1.652344, 1.426244
1.653320, 1.436505
1.654297, 1.534009
1.655273, 1.539568
1.656250, 1.533770
1.657227, 1.545934
1.658203, 1.598674
1.659180, 1.598772
1.660156, 1.583301
1.661133, 1.614185
1.662109, 1.602415
1.663086, 1.655082
1.664062, 1.649299
1.665039, 1.664381
1.666016, 1.704964
1.666992, 1.668228
1.667969, 1.636943
1.668945, 1.569450
1.669922, 1.566135
1.670898, 1.568506
1.671875, 1.573857
1.672852, 1.495950
1.673828, 1.500081
1.674805, 1.515794
1.675781, 1.530952
1.676758, 1.552784
1.677734, 1.581783
1.678711, 1.624512
1.679688, 1.594020
1.680664, 1.586745
1.681641, 1.524641
1.682617, 1.532481
1.683594, 1.526945
1.684570, 1.538129
1.685547, 1.574537
1.686523, 1.567718
1.687500, 1.570587
1.688477, 1.585526
1.689453, 1.603031
1.690430, 1.617637
1.691406, 1.619932
1.692383, 1.598883
1.693359, 1.598710
1.694336, 1.652561
1.695312, 1.679526
1.696289, 1.656372
1.697266, 1.705193
1.698242, 1.665692
1.699219, 1.677726
1.700195, 1.697117
1.701172, 1.706175
1.702148, 1.748250
1.703125, 1.745458
1.704102, 1.817673
1.705078, 1.857446
1.706055, 1.832323
1.707031, 1.833252
1.708008, 1.848454
1.708984, 1.840750
1.709961, 1.896038
1.710938, 1.902291
1.711914, 1.875754
1.712891, 1.825793
1.713867, 1.758810
1.714844, 1.689711
1.715820, 1.696995
1.716797, 1.707781
1.717773, 1.697523
1.718750, 1.691809
1.719727, 1.698323
1.720703, 1.698319
1.721680, 1.679368
1.722656, 1.631897
1.723633, 1.607061
1.724609, 1.635017
1.725586, 1.553116
1.726562, 1.509144
1.727539, 1.488242
1.728516, 1.532812
1.729492, 1.563091
1.730469, 1.568862
1.731445, 1.563278
1.732422, 1.564735
1.733398, 1.562952
1.734375, 1.618999
1.735352, 1.596877
1.736328, 1.557627
1.737305, 1.535365
1.738281, 1.553277
1.739258, 1.605975
1.740234, 1.539704
1.741211, 1.531957
1.742188, 1.606240
1.743164, 1.634585
1.744141, 1.651078
1.745117, 1.662726
1.746094, 1.699183
1.747070, 1.688295
1.748047, 1.749134
1.749023, 1.778609
1.750000, 1.747123
1.750977, 1.787534
1.751953, 1.807986
1.752930, 1.808769
1.753906, 1.795415
1.754883, 1.766667
1.755859, 1.823377
1.756836, 1.852168
1.757812, 1.867837
1.758789, 1.852757
1.759766, 1.836439
1.760742, 1.832270
1.761719, 1.870248
1.762695, 1.800710
1.763672, 1.829164
1.764648, 1.781331
1.765625, 1.762086
1.766602, 1.750000
1.767578, 1.745479
1.768555, 1.680282
1.769531, 1.672912
1.770508, 1.684259
1.771484, 1.667309
1.772461, 1.718845
1.773438, 1.676289
1.774414, 1.676981
1.775391, 1.724009
1.776367, 1.678380
1.777344, 1.667324
1.778320, 1.628123
1.779297, 1.618305
1.780273, 1.649431
1.781250, 1.590287
1.782227, 1.545414
1.783203, 1.591983
1.784180, 1.579547
1.785156, 1.570884
1.786133, 1.545127
1.787109, 1.562647
1.788086, 1.544916
1.789062, 1.524522
1.790039, 1.522358
1.791016, 1.560724
1.791992, 1.594968
1.792969, 1.651557
1.793945, 1.648986
1.794922, 1.642204
1.795898, 1.627037
1.796875, 1.589130
1.797852, 1.600427
1.798828, 1.580619
1.799805, 1.553410
1.800781, 1.497794
1.801758, 1.457694
1.802734, 1.504495
1.803711, 1.538915
1.804688, 1.524491
1.805664, 1.505679
1.806641, 1.484279
1.807617, 1.480344
1.808594, 1.435636
1.809570, 1.457528
1.810547, 1.504594
1.811523, 1.544058
1.812500, 1.521222
1.813477, 1.535341
1.814453, 1.566952
1.815430, 1.548722
1.816406, 1.472410
1.817383, 1.499872
1.818359, 1.503362
1.819336, 1.509764
1.820312, 1.526867
1.821289, 1.530323
1.822266, 1.499320
1.823242, 1.462050
1.824219, 1.447361
1.825195, 1.454935
1.826172, 1.468959
1.827148, 1.480358
1.828125, 1.502408
1.829102, 1.490543
1.830078, 1.451634
1.831055, 1.420684
1.832031, 1.464526
1.833008, 1.501567
1.833984, 1.541791
1.834961, 1.585638
1.835938, 1.658320
1.836914, 1.643209
1.837891, 1.626072
1.838867, 1.616229
1.839844, 1.636707
1.840820, 1.630155
1.841797, 1.562091
1.842773, 1.511366
1.843750, 1.476547
1.844727, 1.521057
1.845703, 1.503434
1.846680, 1.479503
1.847656, 1.460124
1.848633, 1.498525
1.849609, 1.444781
1.850586, 1.455043
1.851562, 1.460212
1.852539, 1.523880
1.853516, 1.523613
1.854492, 1.509906
1.855469, 1.523064
1.856445, 1.542411
1.857422, 1.552539
1.858398, 1.532380
1.859375, 1.516932
1.860352, 1.555660
1.861328, 1.560043
1.862305, 1.564202
1.863281, 1.547165
1.864258, 1.516354
1.865234, 1.493428
1.866211, 1.504224
1.867188, 1.518275
1.868164, 1.521231
1.869141, 1.590584
1.870117, 1.544632
1.871094, 1.582282
1.872070, 1.579395
1.873047, 1.574327
1.874023, 1.576525
1.875000, 1.559202
1.875977, 1.546940
1.876953, 1.553853
1.877930, 1.517993
1.878906, 1.477880
1.879883, 1.461885
1.880859, 1.450219
1.881836, 1.487222
1.882812, 1.457521
1.883789, 1.407444
1.884766, 1.380441
1.885742, 1.400008
1.886719, 1.421947
1.887695, 1.461200
1.888672, 1.517595
1.889648, 1.490960
1.890625, 1.431703
1.891602, 1.447873
1.892578, 1.428521
1.893555, 1.410619
1.894531, 1.401945
1.895508, 1.344436
1.896484, 1.330623
1.897461, 1.330623
1.898438, 1.335849
1.899414, 1.346624
1.900391, 1.368456
1.901367, 1.360220
1.902344, 1.362494
1.903320, 1.352220
1.904297, 1.327109
1.905273, 1.324942
1.906250, 1.315831
1.907227, 1.324631
1.908203, 1.341778
1.909180, 1.353439
1.910156, 1.326592
1.911133, 1.283183
1.912109, 1.262307
1.913086, 1.234063
1.914062, 1.218559
1.915039, 1.218202
1.916016, 1.217394
1.916992, 1.190507
1.917969, 1.225197
1.918945, 1.206556
1.919922, 1.186175
1.920898, 1.185447
1.921875, 1.189503
1.922852, 1.177880
1.923828, 1.178238
1.924805, 1.202769
1.925781, 1.203964
1.926758, 1.194311
1.927734, 1.185864
1.928711, 1.235433
1.929688, 1.281106
1.930664, 1.285879
1.931641, 1.341316
1.932617, 1.362328
1.933594, 1.342320
1.934570, 1.354330
1.935547, 1.317625
1.936523, 1.341725
1.937500, 1.338571
1.938477, 1.361949
1.939453, 1.353512
1.940430, 1.366998
1.941406, 1.396599
1.942383, 1.447470
1.943359, 1.483625
1.944336, 1.453397
1.945312, 1.416862
1.946289, 1.428999
1.947266, 1.418256
1.948242, 1.400668
1.949219, 1.409379
1.950195, 1.435203
1.951172, 1.437835
1.952148, 1.472368
1.953125, 1.475043
1.954102, 1.483141
1.955078, 1.470087
1.956055, 1.476873
1.957031, 1.474497
1.958008, 1.492564
1.958984, 1.489430
1.959961, 1.523761
1.960938, 1.548335
1.961914, 1.529042
1.962891, 1.506220
1.963867, 1.469122
1.964844, 1.506812
1.965820, 1.472077
1.966797, 1.514940
1.967773, 1.536973
1.968750, 1.540890
1.969727, 1.532804
1.970703, 1.528570
1.971680, 1.476267
1.972656, 1.448769
1.973633, 1.395710
1.974609, 1.373264
1.975586, 1.409197
1.976562, 1.452779
1.977539, 1.457106
1.978516, 1.458423
1.979492, 1.476486
1.980469, 1.490410
1.981445, 1.512812
1.982422, 1.554110
1.983398, 1.553786
1.984375, 1.578253
1.985352, 1.615150
1.986328, 1.606390
1.987305, 1.670215
1.988281, 1.650839
1.989258, 1.643239
1.990234, 1.647071
1.991211, 1.629152
1.992188, 1.674464
1.993164, 1.693596
1.994141, 1.729004
1.995117, 1.696975
1.996094, 1.709598
1.997070, 1.716407
1.998047, 1.688940
1.999023, 1.636927
2.000000, 1.659076
2.000977, 1.632931
2.001953, 1.620683
2.002930, 1.601261
2.003906, 1.616040
2.004883, 1.584488
2.005859, 1.543153
2.006836, 1.580049
2.007812, 1.588355
2.008789, 1.621807
2.009766, 1.574440
2.010742, 1.573675
2.011719, 1.497262
2.012695, 1.511952
2.013672, 1.522025
2.014648, 1.483698
2.015625, 1.471020
2.016602, 1.477056
2.017578, 1.518228
2.018555, 1.519653
2.019531, 1.478512
2.020508, 1.496528
2.021484, 1.466111
2.022461, 1.478566
2.023438, 1.482672
2.024414, 1.563833
2.025391, 1.625369
2.026367, 1.625014
2.027344, 1.630518
2.028320, 1.629754
2.029297, 1.613788
2.030273, 1.649722
2.031250, 1.709694
2.032227, 1.699042
2.033203, 1.692720
2.034180, 1.674489
2.035156, 1.644724
2.036133, 1.706153
2.037109, 1.738585
2.038086, 1.733416
2.039062, 1.704397
2.040039, 1.692751
2.041016, 1.755292
2.041992, 1.772043
2.042969, 1.794075
2.043945, 1.743544
2.044922, 1.757652
2.045898, 1.738707
2.046875, 1.787922
2.047852, 1.783042
2.048828, 1.775541
2.049805, 1.778087
2.050781, 1.765047
2.051758, 1.762561
2.052734, 1.773554
2.053711, 1.802366
2.054688, 1.811425
2.055664, 1.856893
2.056641, 1.888285
2.057617, 1.902157
2.058594, 1.847165
2.059570, 1.882786
2.060547, 1.867085
2.061523, 1.801809
2.062500, 1.786006
2.063477, 1.792588
2.064453, 1.779407
2.065430, 1.744815
2.066406, 1.681316
2.067383, 1.662694
2.068359, 1.694563
2.069336, 1.645323
2.070312, 1.628408
2.071289, 1.622473
2.072266, 1.571504
2.073242, 1.572305
2.074219, 1.559286
2.075195, 1.595259
2.076172, 1.608849
2.077148, 1.579687
2.078125, 1.536860
2.079102, 1.562562
2.080078, 1.536966
2.081055, 1.545821
2.082031, 1.560160
2.083008, 1.561079
2.083984, 1.587615
2.084961, 1.600438
2.085938, 1.666046
2.086914, 1.671656
2.087891, 1.677968
2.088867, 1.652436
2.089844, 1.647365
2.090820, 1.625045
2.091797, 1.611092
2.092773, 1.596070
2.093750, 1.594700
2.094727, 1.633638
2.095703, 1.638608
2.096680, 1.622128
2.097656, 1.618509
2.098633, 1.643351
2.099609, 1.598055
2.100586, 1.621847
2.101562, 1.610761
2.102539, 1.577831
2.103516, 1.563032
2.104492, 1.539035
2.105469, 1.516901
2.106445, 1.493764
2.107422, 1.538185
2.108398, 1.557581
2.109375, 1.528937
2.110352, 1.505941
2.111328, 1.510648
2.112305, 1.539327
2.113281, 1.549010
2.114258, 1.542449
2.115234, 1.566497
2.116211, 1.540438
2.117188, 1.600534
2.118164, 1.610284
2.119141, 1.646671
2.120117, 1.609977
2.121094, 1.599778
2.122070, 1.628487
2.123047, 1.629226
2.124023, 1.636455
2.125000, 1.602213
2.125977, 1.606582
2.126953, 1.616481
2.127930, 1.588724
2.128906, 1.620513
2.129883, 1.633187
2.130859, 1.665173
2.131836, 1.659431
2.132812, 1.693882
2.133789, 1.653026
2.134766, 1.700380
2.135742, 1.695388
2.136719, 1.688435
2.137695, 1.730834
2.138672, 1.694231
2.139648, 1.691077
2.140625, 1.717682
2.141602, 1.701474
2.142578, 1.685809
2.143555, 1.730592
2.144531, 1.753562
2.145508, 1.793442
2.146484, 1.737276
2.147461, 1.781326
2.148438, 1.775001
2.149414, 1.727289
2.150391, 1.749156
2.151367, 1.763852
2.152344, 1.768602
2.153320, 1.760968
2.154297, 1.739384
2.155273, 1.748834
2.156250, 1.737729
2.157227, 1.710462
2.158203, 1.728621
2.159180, 1.725203
2.160156, 1.680428
2.161133, 1.613160
2.162109, 1.664435
2.163086, 1.645117
2.164062, 1.661210
2.165039, 1.620715
2.166016, 1.615688
2.166992, 1.600102
2.167969, 1.572575
2.168945, 1.556630
2.169922, 1.542105
2.170898, 1.531801
2.171875, 1.519571
2.172852, 1.494948
2.173828, 1.491558
2.174805, 1.463254
2.175781, 1.488714
2.176758, 1.481975
2.177734, 1.467625
2.178711, 1.439396
2.179688, 1.430600
2.180664, 1.444879
2.181641, 1.450224
2.182617, 1.454558
2.183594, 1.457498
2.184570, 1.425319
2.185547, 1.427577
2.186523, 1.429011
2.187500, 1.430054
2.188477, 1.457853
2.189453, 1.450330
2.190430, 1.413867
2.191406, 1.404118
2.192383, 1.377336
2.193359, 1.366995
2.194336, 1.345546
2.195312, 1.318616
2.196289, 1.258546
2.197266, 1.245681
2.198242, 1.241413
2.199219, 1.254304
2.200195, 1.246951
2.201172, 1.227404
2.202148, 1.207203
2.203125, 1.229520
2.204102, 1.269283
2.205078, 1.283277
2.206055, 1.286139
2.207031, 1.280868
2.208008, 1.299067
2.208984, 1.291525
2.209961, 1.290769
2.210938, 1.301700
2.211914, 1.277272
2.212891, 1.274396
2.213867, 1.342577
2.214844, 1.356561
2.215820, 1.312279
2.216797, 1.301922
2.217773, 1.309772
2.218750, 1.292885
2.219727, 1.279243
2.220703, 1.275629
2.221680, 1.263012
2.222656, 1.290601
2.223633, 1.275177
2.224609, 1.266478
2.225586, 1.277665
2.226562, 1.306212
2.227539, 1.315334
2.228516, 1.314291
2.229492, 1.284040
2.230469, 1.295972
2.231445, 1.302803
2.232422, 1.329090
2.233398, 1.317996
2.234375, 1.296510
2.235352, 1.254070
2.236328, 1.244164
2.237305, 1.237924
2.238281, 1.252805
2.239258, 1.289559
2.240234, 1.257155
2.241211, 1.244091
2.242188, 1.245840
2.243164, 1.239806
2.244141, 1.229449
2.245117, 1.230918
2.246094, 1.225395
2.247070, 1.250884
2.248047, 1.204840
2.249023, 1.192359
2.250000, 1.222092
2.250977, 1.211516
2.251953, 1.202345
2.252930, 1.192225
2.253906, 1.216312
2.254883, 1.276159
2.255859, 1.237745
2.256836, 1.210178
2.257812, 1.216548
2.258789, 1.205199
2.259766, 1.210295
2.260742, 1.193991
2.261719, 1.158802
2.262695, 1.129222
2.263672, 1.145152
2.264648, 1.107581
2.265625, 1.107571
2.266602, 1.144363
2.267578, 1.107213
2.268555, 1.108325
2.269531, 1.139300
2.270508, 1.100049
2.271484, 1.093229
2.272461, 1.079375
2.273438, 1.084660
2.274414, 1.086059
2.275391, 1.062248
2.276367, 1.080013
2.277344, 1.088680
2.278320, 1.084873
2.279297, 1.089577
2.280273, 1.087754
2.281250, 1.074077
2.282227, 1.069393
2.283203, 1.086836
2.284180, 1.111786
2.285156, 1.123964
2.286133, 1.105243
2.287109, 1.093738
2.288086, 1.116372
2.289062, 1.113779
2.290039, 1.095170
2.291016, 1.110891
2.291992, 1.106969
2.292969, 1.097885
2.293945, 1.104048
2.294922, 1.141179
2.295898, 1.133201
2.296875, 1.105622
2.297852, 1.095865
2.298828, 1.087795
2.299805, 1.071907
2.300781, 1.046644
2.301758, 1.050443
2.302734, 1.026238
2.303711, 1.020881
2.304688, 1.007703
2.305664, 1.016634
2.306641, 0.995895
2.307617, 0.976540
2.308594, 0.975123
2.309570, 0.949634
2.310547, 0.920549
2.311523, 0.923815
2.312500, 0.883755
2.313477, 0.881565
2.314453, 0.886139
2.315430, 0.895454
2.316406, 0.890578
2.317383, 0.874587
2.318359, 0.891499
2.319336, 0.905476
2.320312, 0.939272
2.321289, 0.933238
2.322266, 0.933459
2.323242, 0.934151
2.324219, 0.921608
2.325195, 0.934883
2.326172, 0.947810
2.327148, 0.961547
2.328125, 0.949843
2.329102, 0.948561
2.330078, 0.948880
2.331055, 0.973971
2.332031, 0.967286
2.333008, 0.963655
2.333984, 0.979649
2.334961, 0.986251
2.335938, 1.021906
2.336914, 1.015553
2.337891, 0.998031
2.338867, 1.019639
2.339844, 1.045763
2.340820, 1.034593
2.341797, 1.030570
2.342773, 1.011790
2.343750, 0.990435
2.344727, 0.961281
2.345703, 0.947730
2.346680, 0.946825
2.347656, 0.940797
2.348633, 0.926995
2.349609, 0.929312
2.350586, 0.916852
2.351562, 0.907366
2.352539, 0.899452
2.353516, 0.913023
2.354492, 0.903489
2.355469, 0.899673
2.356445, 0.923911
2.357422, 0.932479
2.358398, 0.925588
2.359375, 0.904902
2.360352, 0.900025
2.361328, 0.925270
2.362305, 0.888156
2.363281, 0.894154
2.364258, 0.921792
2.365234, 0.927686
2.366211, 0.948016
2.367188, 0.962323
2.368164, 0.973013
2.369141, 0.948257
2.370117, 0.958849
2.371094, 0.964385
2.372070, 0.995743
2.373047, 1.000992
2.374023, 0.994298
2.375000, 0.987167
2.375977, 1.027232
2.376953, 1.037539
2.377930, 1.059200
2.378906, 1.073454
2.379883, 1.063471
2.380859, 1.057514
2.381836, 1.089633
2.382812, 1.112125
2.383789, 1.114645
2.384766, 1.114493
2.385742, 1.144659
2.386719, 1.129619
2.387695, 1.113641
2.388672, 1.110203
2.389648, 1.151659
2.390625, 1.125739
2.391602, 1.137599
2.392578, 1.171827
2.393555, 1.178948
2.394531, 1.197295
2.395508, 1.179532
2.396484, 1.187366
2.397461, 1.172516
2.398438, 1.209582
2.399414, 1.186130
2.400391, 1.210871
2.401367, 1.246423
2.402344, 1.211224
2.403320, 1.235699
2.404297, 1.238546
2.405273, 1.219825
2.406250, 1.193966
2.407227, 1.186287
2.408203, 1.186440
2.409180, 1.213773
2.410156, 1.226420
2.411133, 1.224446
2.412109, 1.226473
2.413086, 1.218895
2.414062, 1.233873
2.415039, 1.242695
2.416016, 1.274443
2.416992, 1.189178
2.417969, 1.184078
2.418945, 1.205116
2.419922, 1.195311
2.420898, 1.209657
2.421875, 1.241513
2.422852, 1.269171
2.423828, 1.285234
2.424805, 1.277969
2.425781, 1.305319
2.426758, 1.259412
2.427734, 1.259398
2.428711, 1.233789
2.429688, 1.228361
2.430664, 1.250451
2.431641, 1.241710
2.432617, 1.186696
2.433594, 1.175282
2.434570, 1.219908
2.435547, 1.219824
2.436523, 1.185594
2.437500, 1.211315
2.438477, 1.207055
2.439453, 1.219449
2.440430, 1.188283
2.441406, 1.187365
2.442383, 1.202197
2.443359, 1.165322
2.444336, 1.181473
2.445312, 1.186648
2.446289, 1.209891
2.447266, 1.199335
2.448242, 1.237367
2.449219, 1.213674
2.450195, 1.190642
2.451172, 1.191452
2.452148, 1.148760
2.453125, 1.136613
2.454102, 1.119632
2.455078, 1.123552
2.456055, 1.127249
2.457031, 1.105486
2.458008, 1.099983
2.458984, 1.121597
2.459961, 1.090270
2.460938, 1.088236
2.461914, 1.065795
2.462891, 1.055351
2.463867, 1.053837
2.464844, 1.054583
2.465820, 1.013140
2.466797, 1.003466
2.467773, 1.009681
2.468750, 1.020162
2.469727, 1.008965
2.470703, 1.016441
2.471680, 1.016199
2.472656, 1.003263
2.473633, 1.021015
2.474609, 1.012194
2.475586, 1.046856
2.476562, 1.017334
2.477539, 1.027437
2.478516, 1.063532
2.479492, 1.044318
2.480469, 1.086231
2.481445, 1.065832
2.482422, 1.081659
2.483398, 1.080753
2.484375, 1.085864
2.485352, 1.105948
2.486328, 1.113031
2.487305, 1.126753
2.488281, 1.147372
2.489258, 1.133723
2.490234, 1.096239
2.491211, 1.115331
2.492188, 1.122395
2.493164, 1.121386
2.494141, 1.130439
2.495117, 1.132505
2.496094, 1.117632
2.497070, 1.084204
2.498047, 1.076265
2.499023, 1.083613
2.500000, 1.096805
2.500977, 1.092469
2.501953, 1.096696
2.502930, 1.104992
2.503906, 1.075267
2.504883, 1.064044
2.505859, 1.034772
2.506836, 1.006168
2.507812, 1.010725
2.508789, 1.047880
2.509766, 1.047068
2.510742, 1.053461
2.511719, 1.051264
2.512695, 1.070600
2.513672, 1.060876
2.514648, 1.033174
2.515625, 1.015264
2.516602, 1.004636
2.517578, 1.011137
2.518555, 1.010605
2.519531, 1.028803
2.520508, 1.037352
2.521484, 1.050443
2.522461, 1.070410
2.523438, 1.101183
2.524414, 1.066899
2.525391, 1.092791
2.526367, 1.107298
2.527344, 1.080557
2.528320, 1.091678
2.529297, 1.054257
2.530273, 1.045125
2.531250, 1.089188
2.532227, 1.051755
2.533203, 1.085361
2.534180, 1.071281
2.535156, 1.058050
2.536133, 1.046910
2.537109, 1.061161
2.538086, 1.063819
2.539062, 1.050127
2.540039, 1.060458
2.541016, 1.042002
2.541992, 1.027480
2.542969, 1.047775
2.543945, 1.032643
2.544922, 1.024375
2.545898, 1.021201
2.546875, 1.037751
2.547852, 1.071438
2.548828, 1.082954
2.549805, 1.085832
2.550781, 1.099450
2.551758, 1.099115
2.552734, 1.115564
2.553711, 1.110666
2.554688, 1.126096
2.555664, 1.156600
2.556641, 1.164639
2.557617, 1.097835
2.558594, 1.098903
2.559570, 1.079102
2.560547, 1.042481
2.561523, 1.032945
2.562500, 1.048291
2.563477, 1.032495
2.564453, 1.026642
2.565430, 1.026767
2.566406, 1.011646
2.567383, 0.995894
2.568359, 0.973080
2.569336, 0.989679
2.570312, 1.009027
2.571289, 1.015900
2.572266, 1.045641
2.573242, 1.061670
2.574219, 1.053934
2.575195, 1.079546
2.576172, 1.075442
2.577148, 1.060195
2.578125, 1.068674
2.579102, 1.037017
2.580078, 1.034877
2.581055, 1.052347
2.582031, 1.042788
2.583008, 1.044928
2.583984, 1.018853
2.584961, 1.010593
2.585938, 1.070083
2.586914, 1.052435
2.587891, 1.036250
2.588867, 1.074382
2.589844, 1.076830
2.590820, 1.073302
2.591797, 1.070882
2.592773, 1.066950
2.593750, 1.099851
2.594727, 1.116248
2.595703, 1.129468
2.596680, 1.164868
2.597656, 1.148749
2.598633, 1.171251
2.599609, 1.172835
2.600586, 1.161088
2.601562, 1.190327
2.602539, 1.222246
2.603516, 1.197014
2.604492, 1.174358
2.605469, 1.156238
2.606445, 1.130283
2.607422, 1.101676
2.608398, 1.125195
2.609375, 1.105067
2.610352, 1.107539
2.611328, 1.166123
2.612305, 1.169471
2.613281, 1.153528
2.614258, 1.181608
2.615234, 1.184426
2.616211, 1.218834
2.617188, 1.247803
2.618164, 1.267687
2.619141, 1.241713
2.620117, 1.216031
2.621094, 1.266157
2.622070, 1.284577
2.623047, 1.304407
2.624023, 1.340528
2.625000, 1.310931
2.625977, 1.312540
2.626953, 1.290509
2.627930, 1.294951
2.628906, 1.293527
2.629883, 1.306642
2.630859, 1.289052
2.631836, 1.269220
2.632812, 1.294826
2.633789, 1.313773
2.634766, 1.303194
2.635742, 1.295056
2.636719, 1.277119
2.637695, 1.282195
2.638672, 1.307522
2.639648, 1.338451
2.640625, 1.352520
2.641602, 1.330605
2.642578, 1.364793
2.643555, 1.352291
2.644531, 1.345185
2.645508, 1.318789
2.646484, 1.302141
2.647461, 1.333984
2.648438, 1.319633
2.649414, 1.324064
2.650391, 1.352231
2.651367, 1.338119
2.652344, 1.266288
2.653320, 1.278274
2.654297, 1.277238
2.655273, 1.233614
2.656250, 1.254902
2.657227, 1.241714
2.658203, 1.213065
2.659180, 1.210848
2.660156, 1.171972
2.661133, 1.164500
2.662109, 1.146661
2.663086, 1.179356
2.664062, 1.176606
2.665039, 1.164599
2.666016, 1.176744
2.666992, 1.171471
2.667969, 1.142315
2.668945, 1.158028
2.669922, 1.168937
2.670898, 1.143284
2.671875, 1.142569
2.672852, 1.137225
2.673828, 1.171402
2.674805, 1.136937
2.675781, 1.150063
2.676758, 1.196097
2.677734, 1.179483
2.678711, 1.167086
2.679688, 1.167094
2.680664, 1.144511
2.681641, 1.090873
2.682617, 1.090511
2.683594, 1.087820
2.684570, 1.066603
2.685547, 1.057097
2.686523, 1.086935
2.687500, 1.058729
2.688477, 1.008332
2.689453, 1.020309
2.690430, 1.030931
2.691406, 1.056014
2.692383, 1.056153
2.693359, 1.093934
2.694336, 1.089283
2.695312, 1.068986
2.696289, 1.059625
2.697266, 1.073757
2.698242, 1.062699
2.699219, 1.060721
2.700195, 1.045261
2.701172, 1.047519
2.702148, 1.070400
2.703125, 1.080854
2.704102, 1.082138
2.705078, 1.073497
2.706055, 1.075824
2.707031, 1.060716
2.708008, 1.053533
2.708984, 1.069480
2.709961, 1.075616
2.710938, 1.081797
2.711914, 1.106589
2.712891, 1.060344
2.713867, 1.052441
2.714844, 1.086110
2.715820, 1.109697
2.716797, 1.116354
2.717773, 1.106390
2.718750, 1.127749
2.719727, 1.124209
2.720703, 1.126889
2.721680, 1.133943
2.722656, 1.140653
2.723633, 1.166090
2.724609, 1.150150
2.725586, 1.164040
2.726562, 1.148726
2.727539, 1.154929
2.728516, 1.201041
2.729492, 1.212314
2.730469, 1.203559
2.731445, 1.202208
2.732422, 1.225277
2.733398, 1.244631
2.734375, 1.198797
2.735352, 1.201285
2.736328, 1.213527
2.737305, 1.244278
2.738281, 1.253473
2.739258, 1.282266
2.740234, 1.248648
2.741211, 1.229353
2.742188, 1.240636
2.743164, 1.255964
2.744141, 1.239705
2.745117, 1.200925
2.746094, 1.213626
2.747070, 1.227591
2.748047, 1.222808
2.749023, 1.221493
2.750000, 1.213281
2.750977, 1.191690
2.751953, 1.199677
2.752930, 1.200543
2.753906, 1.203412
2.754883, 1.224577
2.755859, 1.258520
2.756836, 1.264596
2.757812, 1.253986
2.758789, 1.260930
2.759766, 1.280475
2.760742, 1.293839
2.761719, 1.278956
2.762695, 1.283775
2.763672, 1.279709
2.764648, 1.298323
2.765625, 1.268480
2.766602, 1.275886
2.767578, 1.227951
2.768555, 1.196466
2.769531, 1.231922
2.770508, 1.194700
2.771484, 1.203247
2.772461, 1.188262
2.773438, 1.196181
2.774414, 1.205773
2.775391, 1.166682
2.776367, 1.169771
2.777344, 1.225370
2.778320, 1.287081
2.779297, 1.259654
2.780273, 1.260554
2.781250, 1.275643
2.782227, 1.257172
2.783203, 1.302330
2.784180, 1.318278
2.785156, 1.343574
2.786133, 1.351560
2.787109, 1.376823
2.788086, 1.374169
2.789062, 1.350715
2.790039, 1.346989
2.791016, 1.329308
2.791992, 1.339550
2.792969, 1.345935
2.793945, 1.370083
2.794922, 1.329298
2.795898, 1.277206
2.796875, 1.287597
2.797852, 1.278580
2.798828, 1.266654
2.799805, 1.235452
2.800781, 1.229025
2.801758, 1.232229
2.802734, 1.204468
2.803711, 1.204256
2.804688, 1.170801
2.805664, 1.200300
2.806641, 1.181809
2.807617, 1.202056
2.808594, 1.255735
2.809570, 1.214296
2.810547, 1.193028
2.811523, 1.182717
2.812500, 1.166262
2.813477, 1.145202
2.814453, 1.148635
2.815430, 1.165268
2.816406, 1.159728
2.817383, 1.129924
2.818359, 1.113821
2.819336, 1.121776
2.820312, 1.104178
2.821289, 1.105298
2.822266, 1.105092
2.823242, 1.081423
2.824219, 1.107303
2.825195, 1.126990
2.826172, 1.107001
2.827148, 1.080130
2.828125, 1.054226
2.829102, 1.056712
2.830078, 1.033430
2.831055, 1.044705
2.832031, 1.038813
2.833008, 1.029328
2.833984, 1.037591
2.834961, 1.051241
2.835938, 1.089965
2.836914, 1.106485
2.837891, 1.104871
2.838867, 1.107962
2.839844, 1.100649
2.840820, 1.128478
2.841797, 1.101929
2.842773, 1.101225
2.843750, 1.121511
2.844727, 1.109497
2.845703, 1.089971
2.846680, 1.096310
2.847656, 1.080500
2.848633, 1.093632
2.849609, 1.077721
2.850586, 1.042353
2.851562, 1.055293
2.852539, 1.018019
2.853516, 1.020457
2.854492, 1.046820
2.855469, 1.067737
2.856445, 1.091308
2.857422, 1.095582
2.858398, 1.084873
2.859375, 1.101593
2.860352, 1.113304
2.861328, 1.154054
2.862305, 1.153118
2.863281, 1.185088
2.864258, 1.143178
2.865234, 1.145530
2.866211, 1.110076
2.867188, 1.106565
2.868164, 1.087777
2.869141, 1.086977
2.870117, 1.104563
2.871094, 1.100443
2.872070, 1.105269
2.873047, 1.100761
2.874023, 1.087288
2.875000, 1.077799
2.875977, 1.075554
2.876953, 1.103798
2.877930, 1.117402
2.878906, 1.127363
2.879883, 1.133910
2.880859, 1.153923
2.881836, 1.147118
2.882812, 1.187211
2.883789, 1.198179
2.884766, 1.206564
2.885742, 1.202523
2.886719, 1.191265
2.887695, 1.211825
2.888672, 1.253152
2.889648, 1.245937
2.890625, 1.283642
2.891602, 1.275401
2.892578, 1.295269
2.893555, 1.276178
2.894531, 1.236483
2.895508, 1.253947
2.896484, 1.200823
2.897461, 1.175117
2.898438, 1.128649
2.899414, 1.130581
2.900391, 1.136179
2.901367, 1.189853
2.902344, 1.180448
2.903320, 1.186285
2.904297, 1.184085
2.905273, 1.205401
2.906250, 1.223572
2.907227, 1.195048
2.908203, 1.199599
2.909180, 1.200437
2.910156, 1.177880
2.911133, 1.188035
2.912109, 1.196618
2.913086, 1.242491
2.914062, 1.239092
2.915039, 1.235153
2.916016, 1.239227
2.916992, 1.239093
2.917969, 1.221225
2.918945, 1.214757
2.919922, 1.237979
2.920898, 1.228822
2.921875, 1.219297
2.922852, 1.169240
2.923828, 1.158303
2.924805, 1.167937
2.925781, 1.216489
2.926758, 1.217552
2.927734, 1.258392
2.928711, 1.280934
2.929688, 1.238767
2.930664, 1.236512
2.931641, 1.287607
2.932617, 1.297023
2.933594, 1.282019
2.934570, 1.290039
2.935547, 1.251891
2.936523, 1.253596
2.937500, 1.246583
2.938477, 1.209098
2.939453, 1.240137
2.940430, 1.260090
2.941406, 1.282365
2.942383, 1.300099
2.943359, 1.343601
2.944336, 1.314600
2.945312, 1.344889
2.946289, 1.366446
2.947266, 1.348992
2.948242, 1.406113
2.949219, 1.391896
2.950195, 1.378640
2.951172, 1.426259
2.952148, 1.417648
2.953125, 1.450014
2.954102, 1.450112
2.955078, 1.474400
2.956055, 1.464692
2.957031, 1.497394
2.958008, 1.526652
2.958984, 1.548563
2.959961, 1.572186
2.960938, 1.586735
2.961914, 1.561928
2.962891, 1.551602
2.963867, 1.539079
2.964844, 1.602567
2.965820, 1.545992
2.966797, 1.581649
2.967773, 1.599939
2.968750, 1.616783
2.969727, 1.644070
2.970703, 1.594669
2.971680, 1.583037
2.972656, 1.636385
2.973633, 1.694057
2.974609, 1.673369
2.975586, 1.621009
2.976562, 1.581095
2.977539, 1.592611
2.978516, 1.557013
2.979492, 1.592918
2.980469, 1.584864
2.981445, 1.567336
2.982422, 1.581154
2.983398, 1.586122
2.984375, 1.612239
2.985352, 1.636601
2.986328, 1.633549
2.987305, 1.584757
2.988281, 1.572781
2.989258, 1.537763
2.990234, 1.551855
2.991211, 1.514081
2.992188, 1.561390
2.993164, 1.555634
2.994141, 1.587425
2.995117, 1.621418
2.996094, 1.600272
2.997070, 1.614699
2.998047, 1.670867
2.999023, 1.666372
3.000000, 1.647000
3.000977, 1.691941
3.001953, 1.720764
3.002930, 1.690531
3.003906, 1.706742
3.004883, 1.645857
3.005859, 1.692985
3.006836, 1.745717
3.007812, 1.715463
3.008789, 1.790316
3.009766, 1.805063
3.010742, 1.752821
3.011719, 1.688106
3.012695, 1.688706
3.013672, 1.702932
3.014648, 1.667924
3.015625, 1.657253
3.016602, 1.674166
3.017578, 1.705425
3.018555, 1.700964
3.019531, 1.722344
3.020508, 1.718293
3.021484, 1.728455
3.022461, 1.717238
3.023438, 1.731274
3.024414, 1.757437
3.025391, 1.751653
3.026367, 1.751654
3.027344, 1.774203
3.028320, 1.823351
3.029297, 1.838154
3.030273, 1.818344
3.031250, 1.816591
3.032227, 1.795797
3.033203, 1.833697
3.034180, 1.789478
3.035156, 1.807336
3.036133, 1.835237
3.037109, 1.827636
3.038086, 1.779994
3.039062, 1.712364
3.040039, 1.685651
3.041016, 1.722143
3.041992, 1.735296
3.042969, 1.715140
3.043945, 1.725649
3.044922, 1.678957
3.045898, 1.672575
3.046875, 1.695386
3.047852, 1.665297
3.048828, 1.690895
3.049805, 1.720319
3.050781, 1.749949
3.051758, 1.771925
3.052734, 1.753565
3.053711, 1.730368
3.054688, 1.773395
3.055664, 1.831833
3.056641, 1.813111
3.057617, 1.792974
3.058594, 1.801359
3.059570, 1.753539
3.060547, 1.716587
3.061523, 1.653036
3.062500, 1.667992
3.063477, 1.685067
3.064453, 1.686010
3.065430, 1.652033
3.066406, 1.703117
3.067383, 1.657225
3.068359, 1.622254
3.069336, 1.635602
3.070312, 1.618387
3.071289, 1.624025
3.072266, 1.626212
3.073242, 1.643010
3.074219, 1.642418
3.075195, 1.654219
3.076172, 1.639182
3.077148, 1.615775
3.078125, 1.605397
3.079102, 1.615955
3.080078, 1.618618
3.081055, 1.560304
3.082031, 1.593094
3.083008, 1.570674
3.083984, 1.626697
3.084961, 1.661176
3.085938, 1.592742
3.086914, 1.626788
3.087891, 1.619940
3.088867, 1.608402
3.089844, 1.630072
3.090820, 1.647024
3.091797, 1.599827
3.092773, 1.600230
3.093750, 1.595333
3.094727, 1.552692
3.095703, 1.574859
3.096680, 1.583610
3.097656, 1.601820
3.098633, 1.603983
3.099609, 1.616351
3.100586, 1.652426
3.101562, 1.663575
3.102539, 1.628030
3.103516, 1.611762
3.104492, 1.577218
3.105469, 1.570826
3.106445, 1.569940
3.107422, 1.581897
3.108398, 1.552482
3.109375, 1.522808
3.110352, 1.489537
3.111328, 1.496198
3.112305, 1.494039
3.113281, 1.540492
3.114258, 1.570259
3.115234, 1.593686
3.116211, 1.615022
3.117188, 1.643182
3.118164, 1.664959
3.119141, 1.684998
3.120117, 1.714518
3.121094, 1.716276
3.122070, 1.713567
3.123047, 1.709655
3.124023, 1.733960
3.125000, 1.721101
3.125977, 1.736466
3.126953, 1.735128
3.127930, 1.741112
3.128906, 1.736843
3.129883, 1.753586
3.130859, 1.787473
3.131836, 1.753857
3.132812, 1.768799
3.133789, 1.768610
3.134766, 1.744132
3.135742, 1.738781
3.136719, 1.728060
3.137695, 1.734627
3.138672, 1.744045
3.139648, 1.786872
3.140625, 1.784120
3.141602, 1.742240
3.142578, 1.702028
3.143555, 1.710722
3.144531, 1.688514
3.145508, 1.698222
3.146484, 1.732381
3.147461, 1.721702
3.148438, 1.765036
3.149414, 1.730450
3.150391, 1.734219
3.151367, 1.739651
3.152344, 1.809144
3.153320, 1.768814
3.154297, 1.806741
3.155273, 1.794629
3.156250, 1.768976
3.157227, 1.794275
3.158203, 1.790440
3.159180, 1.791211
3.160156, 1.842798
3.161133, 1.842189
3.162109, 1.878456
3.163086, 1.940643
3.164062, 1.964011
3.165039, 1.953668
3.166016, 1.964305
3.166992, 1.982972
3.167969, 1.971611
3.168945, 1.949609
3.169922, 1.914140
3.170898, 1.995243
3.171875, 1.991657
3.172852, 2.039093
3.173828, 2.044311
3.174805, 2.050771
3.175781, 2.054216
3.176758, 2.066705
3.177734, 2.082074
3.178711, 2.056715
3.179688, 2.045736
3.180664, 2.042574
3.181641, 2.074851
3.182617, 2.105733
3.183594, 2.080249
3.184570, 2.124505
3.185547, 2.061178
3.186523, 2.133336
3.187500, 2.022263
3.188477, 2.000738
3.189453, 1.958908
3.190430, 2.024582
3.191406, 2.009098
3.192383, 2.051163
3.193359, 1.999063
3.194336, 2.016111
3.195312, 2.020464
3.196289, 1.941694
3.197266, 1.976448
3.198242, 1.948460
3.199219, 1.929655
3.200195, 1.919022
3.201172, 1.918809
3.202148, 1.904138
3.203125, 1.868130
3.204102, 1.808596
3.205078, 1.818929
3.206055, 1.801119
3.207031, 1.799007
3.208008, 1.794603
3.208984, 1.816865
3.209961, 1.817953
3.210938, 1.848683
3.211914, 1.851202
3.212891, 1.864869
3.213867, 1.856202
3.214844, 1.898740
3.215820, 1.936510
3.216797, 1.925037
3.217773, 1.881076
3.218750, 1.876639
3.219727, 1.917473
3.220703, 1.873085
3.221680, 1.969754
3.222656, 1.978785
3.223633, 2.021799
3.224609, 1.999946
3.225586, 2.080226
3.226562, 2.087733
3.227539, 2.057951
3.228516, 2.060465
3.229492, 2.083449
3.230469, 2.104195
3.231445, 2.061201
3.232422, 2.041488
3.233398, 2.065295
3.234375, 2.061613
3.235352, 2.050469
3.236328, 2.060632
3.237305, 2.049691
3.238281, 2.029394
3.239258, 2.071644
3.240234, 2.073895
3.241211, 2.114847
3.242188, 2.121097
3.243164, 2.074455
3.244141, 2.070805
3.245117, 1.998809
3.246094, 2.019709
3.247070, 2.065455
3.248047, 2.046323
3.249023, 2.050003
3.250000, 2.074531
3.250977, 2.135296
3.251953, 2.116256
3.252930, 2.146978
3.253906, 2.198261
3.254883, 2.185594
3.255859, 2.132112
3.256836, 2.092280
3.257812, 2.031498
3.258789, 2.037759
3.259766, 2.057923
3.260742, 1.971437
3.261719, 2.056337
3.262695, 2.089539
3.263672, 2.071797
3.264648, 2.150664
3.265625, 2.138250
3.266602, 2.140775
3.267578, 2.132851
3.268555, 2.248903
3.269531, 2.239129
3.270508, 2.256161
3.271484, 2.235829
3.272461, 2.191138
3.273438, 2.212066
3.274414, 2.210512
3.275391, 2.156795
3.276367, 2.095424
3.277344, 2.151469
3.278320, 2.168550
3.279297, 2.195634
3.280273, 2.205388
3.281250, 2.183880
3.282227, 2.223995
3.283203, 2.218768
3.284180, 2.208081
3.285156, 2.183149
3.286133, 2.244927
3.287109, 2.288622
3.288086, 2.229729
3.289062, 2.201983
3.290039, 2.196997
3.291016, 2.223478
3.291992, 2.220275
3.292969, 2.225434
3.293945, 2.237988
3.294922, 2.323801
3.295898, 2.313250
3.296875, 2.378476
3.297852, 2.330254
3.298828, 2.381183
3.299805, 2.394030
3.300781, 2.441451
3.301758, 2.431331
3.302734, 2.358814
3.303711, 2.342892
3.304688, 2.298995
3.305664, 2.252407
3.306641, 2.242902
3.307617, 2.248671
3.308594, 2.227924
3.309570, 2.211978
3.310547, 2.128563
3.311523, 2.066340
3.312500, 2.078487
3.313477, 2.043151
3.314453, 2.045235
3.315430, 2.014002
3.316406, 2.034129
3.317383, 2.054990
3.318359, 1.952769
3.319336, 1.936354
3.320312, 1.920949
3.321289, 1.929477
3.322266, 1.965248
3.323242, 2.010871
3.324219, 2.043096
3.325195, 2.080551
3.326172, 2.105863
3.327148, 2.104174
3.328125, 2.026942
3.329102, 2.044290
3.330078, 2.004225
3.331055, 1.935515
3.332031, 1.927422
3.333008, 1.953753
3.333984, 1.920275
3.334961, 1.853656
3.335938, 1.923080
3.336914, 1.965090
3.337891, 1.962648
3.338867, 1.943573
3.339844, 1.977039
3.340820, 1.985931
3.341797, 1.971022
3.342773, 2.021225
3.343750, 1.990158
3.344727, 1.983501
3.345703, 2.017218
3.346680, 2.052960
3.347656, 2.086028
3.348633, 2.065693
3.349609, 2.066486
3.350586, 2.114779
3.351562, 2.146318
3.352539, 2.100436
3.353516, 2.100384
3.354492, 2.082096
3.355469, 2.140754
3.356445, 2.114881
3.357422, 2.177747
3.358398, 2.227481
3.359375, 2.267700
3.360352, 2.309146
3.361328, 2.345463
3.362305, 2.370711
3.363281, 2.315208
3.364258, 2.239632
3.365234, 2.202106
3.366211, 2.175659
3.367188, 2.144408
3.368164, 2.163543
3.369141, 2.117046
3.370117, 2.134697
3.371094, 2.133337
3.372070, 2.119658
3.373047, 2.087047
3.374023, 2.110957
3.375000, 2.073701
3.375977, 2.076453
3.376953, 2.012717
3.377930, 1.936071
3.378906, 1.931817
3.379883, 1.887353
3.380859, 1.877171
3.381836, 1.875139
3.382812, 1.908088
3.383789, 1.893126
3.384766, 1.934741
3.385742, 1.934645
3.386719, 1.909957
3.387695, 1.957333
3.388672, 1.995069
3.389648, 2.024831
3.390625, 2.036238
3.391602, 2.137909
3.392578, 2.180263
3.393555, 2.186973
3.394531, 2.172163
3.395508, 2.180487
3.396484, 2.225996
3.397461, 2.216262
3.398438, 2.346344
3.399414, 2.420522
3.400391, 2.410402
3.401367, 2.364974
3.402344, 2.377259
3.403320, 2.395776
3.404297, 2.387466
3.405273, 2.386218
3.406250, 2.418655
3.407227, 2.401655
3.408203, 2.420113
3.409180, 2.438374
3.410156, 2.431426
3.411133, 2.421946
3.412109, 2.447287
3.413086, 2.479823
3.414062, 2.443159
3.415039, 2.471711
3.416016, 2.531045
3.416992, 2.533360
3.417969, 2.530490
3.418945, 2.513735
3.419922, 2.485232
3.420898, 2.508885
3.421875, 2.541331
3.422852, 2.603539
3.423828, 2.603329
3.424805, 2.595850
3.425781, 2.655266
3.426758, 2.705718
3.427734, 2.633512
3.428711, 2.724598
3.429688, 2.754622
3.430664, 2.697034
3.431641, 2.603609
3.432617, 2.510635
3.433594, 2.583165
3.434570, 2.592976
3.435547, 2.611253
3.436523, 2.605867
3.437500, 2.607140
3.438477, 2.587597
3.439453, 2.635258
3.440430, 2.611619
3.441406, 2.587899
3.442383, 2.587122
3.443359, 2.498836
3.444336, 2.466828
3.445312, 2.457791
3.446289, 2.522499
3.447266, 2.557141
3.448242, 2.516565
3.449219, 2.500536
3.450195, 2.490140
3.451172, 2.464105
3.452148, 2.458135
3.453125, 2.450761
3.454102, 2.402860
3.455078, 2.401834
3.456055, 2.431149
3.457031, 2.496053
3.458008, 2.523165
3.458984, 2.508955
3.459961, 2.492826
3.460938, 2.412355
3.461914, 2.383777
3.462891, 2.371351
3.463867, 2.386695
3.464844, 2.389056
3.465820, 2.298351
3.466797, 2.269030
3.467773, 2.199509
3.468750, 2.190264
3.469727, 2.190507
3.470703, 2.235313
3.471680, 2.256407
3.472656, 2.254544
3.473633, 2.232985
3.474609, 2.204600
3.475586, 2.258859
3.476562, 2.200940
3.477539, 2.163361
3.478516, 2.085621
3.479492, 2.028581
3.480469, 1.987236
3.481445, 2.062820
3.482422, 2.030469
3.483398, 2.015669
3.484375, 2.018711
3.485352, 2.033082
3.486328, 1.969560
3.487305, 1.926963
3.488281, 1.951079
3.489258, 1.995960
3.490234, 1.965701
3.491211, 1.990817
3.492188, 1.910211
3.493164, 1.941949
3.494141, 1.913732
3.495117, 1.946403
3.496094, 1.911607
3.497070, 1.906275
3.498047, 1.848550
3.499023, 1.901521
3.500000, 1.890979
3.500977, 1.862810
3.501953, 1.886450
3.502930, 1.906165
3.503906, 1.958101
3.504883, 1.975456
3.505859, 1.979387
3.506836, 2.008861
3.507812, 1.984267
3.508789, 2.038567
3.509766, 2.014995
3.510742, 2.013385
3.511719, 2.065114
3.512695, 1.984748
3.513672, 1.986459
3.514648, 2.012477
3.515625, 2.052087
3.516602, 2.061504
3.517578, 2.086101
3.518555, 2.098648
3.519531, 2.173955
3.520508, 2.214935
3.521484, 2.226693
3.522461, 2.310757
3.523438, 2.308252
3.524414, 2.284374
3.525391, 2.295930
3.526367, 2.350194
3.527344, 2.358358
3.528320, 2.340226
3.529297, 2.304032
3.530273, 2.309979
3.531250, 2.287210
3.532227, 2.318646
3.533203, 2.419914
3.534180, 2.381246
3.535156, 2.435432
3.536133, 2.390583
3.537109, 2.398878
3.538086, 2.432252
3.539062, 2.425972
3.540039, 2.357791
3.541016, 2.337463
3.541992, 2.360435
3.542969, 2.293886
3.543945, 2.331627
3.544922, 2.323433
3.545898, 2.342453
3.546875, 2.360946
3.547852, 2.268892
3.548828, 2.272387
3.549805, 2.266125
3.550781, 2.275045
3.551758, 2.277915
3.552734, 2.215494
3.553711, 2.201660
3.554688, 2.248390
3.555664, 2.268980
3.556641, 2.298832
3.557617, 2.313536
3.558594, 2.367361
3.559570, 2.349015
3.560547, 2.423726
3.561523, 2.377180
3.562500, 2.420235
3.563477, 2.486294
3.564453, 2.564821
3.565430, 2.585503
3.566406, 2.589207
3.567383, 2.518351
3.568359, 2.506249
3.569336, 2.445195
3.570312, 2.412802
3.571289, 2.474333
3.572266, 2.415334
3.573242, 2.431227
3.574219, 2.418758
3.575195, 2.390752
3.576172, 2.349149
3.577148, 2.339293
3.578125, 2.368046
3.579102, 2.371655
3.580078, 2.433383
3.581055, 2.461364
3.582031, 2.477055
3.583008, 2.396724
3.583984, 2.412986
3.584961, 2.437460
3.585938, 2.505901
3.586914, 2.486157
3.587891, 2.437270
3.588867, 2.387926
3.589844, 2.345334
3.590820, 2.359974
3.591797, 2.405154
3.592773, 2.420508
3.593750, 2.369981
3.594727, 2.350807
3.595703, 2.300657
3.596680, 2.328040
3.597656, 2.274797
3.598633, 2.321727
3.599609, 2.240401
3.600586, 2.267976
3.601562, 2.222026
3.602539, 2.328911
3.603516, 2.297785
3.604492, 2.309719
3.605469, 2.378641
3.606445, 2.379058
3.607422, 2.276274
3.608398, 2.256290
3.609375, 2.216786
3.610352, 2.250833
3.611328, 2.282253
3.612305, 2.346762
3.613281, 2.318176
3.614258, 2.339530
3.615234, 2.334372
3.616211, 2.410524
3.617188, 2.440060
3.618164, 2.449519
3.619141, 2.515134
3.620117, 2.541896
3.621094, 2.545541
3.622070, 2.531425
3.623047, 2.508186
3.624023, 2.574867
3.625000, 2.530530
3.625977, 2.624343
3.626953, 2.683804
3.627930, 2.667115
3.628906, 2.746841
3.629883, 2.674135
3.630859, 2.670824
3.631836, 2.844406
3.632812, 2.825698
3.633789, 2.820843
3.634766, 2.699523
3.635742, 2.644396
3.636719, 2.700343
3.637695, 2.662686
3.638672, 2.650466
3.639648, 2.684202
3.640625, 2.666283
3.641602, 2.646576
3.642578, 2.594859
3.643555, 2.639662
3.644531, 2.588030
3.645508, 2.598298
3.646484, 2.661365
3.647461, 2.552188
3.648438, 2.568839
3.649414, 2.606903
3.650391, 2.514858
3.651367, 2.564917
3.652344, 2.621421
3.653320, 2.616090
3.654297, 2.532169
3.655273, 2.594196
3.656250, 2.548195
3.657227, 2.590568
3.658203, 2.621418
3.659180, 2.650870
3.660156, 2.629267
3.661133, 2.670007
3.662109, 2.707767
3.663086, 2.724120
3.664062, 2.695604
3.665039, 2.645048
3.666016, 2.668470
3.666992, 2.695717
3.667969, 2.684791
3.668945, 2.653519
3.669922, 2.715947
3.670898, 2.673315
3.671875, 2.688173
3.672852, 2.710528
3.673828, 2.750232
3.674805, 2.768202
3.675781, 2.766874
3.676758, 2.709466
3.677734, 2.768173
3.678711, 2.931852
3.679688, 2.930505
3.680664, 2.936352
3.681641, 2.992624
3.682617, 3.057015
3.683594, 3.033736
3.684570, 2.986687
3.685547, 3.020273
3.686523, 3.040355
3.687500, 3.051909
3.688477, 3.109749
3.689453, 3.082182
3.690430, 3.132719
3.691406, 3.080412
3.692383, 3.083704
3.693359, 2.977347
3.694336, 3.002830
3.695312, 3.013031
3.696289, 3.013361
3.697266, 3.029199
3.698242, 3.149730
3.699219, 3.154379
3.700195, 3.181688
3.701172, 3.100500
3.702148, 3.130855
3.703125, 3.143956
3.704102, 3.058004
3.705078, 3.037043
3.706055, 2.970259
3.707031, 2.992829
3.708008, 2.965430
3.708984, 2.888849
3.709961, 2.872264
3.710938, 2.836728
3.711914, 2.841645
3.712891, 2.803265
3.713867, 2.825088
3.714844, 2.828205
3.715820, 2.779119
3.716797, 2.850562
3.717773, 2.838298
3.718750, 2.860402
3.719727, 2.995829
3.720703, 3.046452
3.721680, 2.956953
3.722656, 2.895849
3.723633, 2.790965
3.724609, 2.798505
3.725586, 2.819545
3.726562, 2.772907
3.727539, 2.788002
3.728516, 2.876129
3.729492, 2.908950
3.730469, 2.877173
3.731445, 2.806342
3.732422, 2.829274
3.733398, 2.840823
3.734375, 2.812515
3.735352, 2.813204
3.736328, 2.878372
3.737305, 2.918485
3.738281, 2.916390
3.739258, 2.895138
3.740234, 2.874200
3.741211, 2.840664
3.742188, 2.897616
3.743164, 2.943908
3.744141, 2.913551
3.745117, 2.945953
3.746094, 3.004513
3.747070, 3.034060
3.748047, 2.926621
3.749023, 2.856663
3.750000, 2.953878
3.750977, 3.067935
3.751953, 3.035497
3.752930, 3.202605
3.753906, 3.057547
3.754883, 3.064536
3.755859, 3.188905
3.756836, 3.161033
3.757812, 3.233784
3.758789, 3.179029
3.759766, 3.100455
3.760742, 3.067409
3.761719, 3.067044
3.762695, 3.032780
3.763672, 3.118621
3.764648, 3.085921
3.765625, 3.045651
3.766602, 3.008498
3.767578, 3.006568
3.768555, 2.900271
3.769531, 2.845959
3.770508, 2.914206
3.771484, 2.906020
3.772461, 2.893924
3.773438, 2.914593
3.774414, 2.971045
3.775391, 3.009077
3.776367, 3.063660
3.777344, 3.043960
3.778320, 3.007337
3.779297, 3.039608
3.780273, 3.190966
3.781250, 3.224046
3.782227, 3.235255
3.783203, 3.280986
3.784180, 3.290196
3.785156, 3.295467
3.786133, 3.385861
3.787109, 3.310462
3.788086, 3.389715
3.789062, 3.239472
3.790039, 3.292998
3.791016, 3.257412
3.791992, 3.155964
3.792969, 3.178330
3.793945, 3.337168
3.794922, 3.315044
3.795898, 3.279447
3.796875, 3.195665
3.797852, 3.169873
3.798828, 3.223576
3.799805, 3.198092
3.800781, 3.176715
3.801758, 3.210922
3.802734, 3.194552
3.803711, 3.089033
3.804688, 3.074319
3.805664, 3.197163
3.806641, 3.283958
3.807617, 3.177419
3.808594, 3.008584
3.809570, 3.002196
3.810547, 3.030941
3.811523, 3.105913
3.812500, 3.166653
3.813477, 3.096091
3.814453, 3.100082
3.815430, 3.134660
3.816406, 3.070697
3.817383, 3.047301
3.818359, 2.978319
3.819336, 3.050529
3.820312, 3.079048
3.821289, 3.140648
3.822266, 3.211164
3.823242, 3.248386
3.824219, 3.243786
3.825195, 3.320572
3.826172, 3.263881
3.827148, 3.249589
3.828125, 3.240029
3.829102, 3.088701
3.830078, 3.125269
3.831055, 3.078804
3.832031, 3.022618
3.833008, 3.002689
3.833984, 3.041811
3.834961, 3.069871
3.835938, 3.086545
3.836914, 3.139780
3.837891, 3.111278
3.838867, 3.143299
3.839844, 3.113472
3.840820, 3.127667
3.841797, 3.170708
3.842773, 3.148008
3.843750, 3.162836
3.844727, 3.249693
3.845703, 3.176977
3.846680, 3.233252
3.847656, 3.164261
3.848633, 3.175023
3.849609, 3.121848
3.850586, 3.148412
3.851562, 3.193153
3.852539, 3.116454
3.853516, 3.051803
3.854492, 3.099002
3.855469, 3.189615
3.856445, 3.123991
3.857422, 3.231421
3.858398, 3.210242
3.859375, 3.173398
3.860352, 3.266124
3.861328, 3.208970
3.862305, 3.119718
3.863281, 3.030212
3.864258, 3.094536
3.865234, 3.083944
3.866211, 3.034264
3.867188, 3.079757
3.868164, 3.029918
3.869141, 3.017958
3.870117, 2.979102
3.871094, 3.065963
3.872070, 3.019638
3.873047, 2.971005
3.874023, 3.075504
3.875000, 3.105922
3.875977, 3.109592
3.876953, 3.085696
3.877930, 3.135038
3.878906, 3.122922
3.879883, 3.111382
3.880859, 3.130482
3.881836, 3.121715
3.882812, 3.114933
3.883789, 3.117492
3.884766, 3.191421
3.885742, 3.181967
3.886719, 3.168297
3.887695, 3.127155
3.888672, 3.097966
3.889648, 2.999150
3.890625, 2.882895
3.891602, 2.858237
3.892578, 2.924510
3.893555, 2.865087
3.894531, 2.817556
3.895508, 2.913861
3.896484, 2.998695
3.897461, 3.026014
3.898438, 3.006305
3.899414, 2.961173
3.900391, 2.997683
3.901367, 3.039986
3.902344, 2.959991
3.903320, 2.979257
3.904297, 2.984188
3.905273, 3.073257
3.906250, 3.062244
3.907227, 3.173201
3.908203, 3.186133
3.909180, 3.122296
3.910156, 2.950892
3.911133, 2.959471
3.912109, 2.947538
3.913086, 2.928428
3.914062, 2.895168
3.915039, 2.901295
3.916016, 2.838297
3.916992, 2.777270
3.917969, 2.746393
3.918945, 2.706629
3.919922, 2.767449
3.920898, 2.754492
3.921875, 2.768521
3.922852, 2.770531
3.923828, 2.811711
3.924805, 2.886847
3.925781, 2.879254
3.926758, 2.943740
3.927734, 2.986675
3.928711, 2.995258
3.929688, 3.109558
3.930664, 3.164937
3.931641, 3.167943
3.932617, 3.200845
3.933594, 3.220591
3.934570, 3.243855
3.935547, 3.282785
3.936523, 3.309689
3.937500, 3.382822
3.938477, 3.433158
3.939453, 3.479906
3.940430, 3.434352
3.941406, 3.365786
3.942383, 3.492545
3.943359, 3.609633
3.944336, 3.603404
3.945312, 3.712386
3.946289, 3.607568
3.947266, 3.576001
3.948242, 3.505483
3.949219, 3.478687
3.950195, 3.500579
3.951172, 3.652092
3.952148, 3.624740
3.953125, 3.540214
3.954102, 3.519809
3.955078, 3.576685
3.956055, 3.595062
3.957031, 3.574958
3.958008, 3.564236
3.958984, 3.396276
3.959961, 3.489735
3.960938, 3.443195
3.961914, 3.565028
3.962891, 3.546011
3.963867, 3.514536
3.964844, 3.495421
3.965820, 3.486320
3.966797, 3.465184
3.967773, 3.586108
3.968750, 3.560575
3.969727, 3.631643
3.970703, 3.755176
3.971680, 3.670892
3.972656, 3.838277
3.973633, 3.760997
3.974609, 3.826880
3.975586, 3.660954
3.976562, 3.561127
3.977539, 3.562561
3.978516, 3.483903
3.979492, 3.461568
3.980469, 3.512509
3.981445, 3.552507
3.982422, 3.497452
3.983398, 3.474137
3.984375, 3.456221
3.985352, 3.490333
3.986328, 3.482929
3.987305, 3.376304
3.988281, 3.352121
3.989258, 3.390063
3.990234, 3.412488
3.991211, 3.380769
3.992188, 3.462400
3.993164, 3.422680
3.994141, 3.361219
3.995117, 3.389928
3.996094, 3.354854
3.997070, 3.349152
3.998047, 3.279497
3.999023, 3.231748
4.000000, 3.145951
4.000977, 3.052971
4.001953, 3.049111
4.002930, 3.173616
4.003906, 3.228855
4.004883, 3.225770
4.005859, 3.172960
4.006836, 3.084098
4.007812, 3.163188
4.008789, 3.196847
4.009766, 3.162214
4.010742, 3.094787
4.011719, 3.127076
4.012695, 3.206950
4.013672, 3.177145
4.014648, 3.225228
4.015625, 3.299574
4.016602, 3.247512
4.017578, 3.275214
4.018555, 3.253399
4.019531, 3.188880
4.020508, 3.279185
4.021484, 3.284835
4.022461, 3.337056
4.023438, 3.282566
4.024414, 3.252718
4.025391, 3.262883
4.026367, 3.147772
4.027344, 3.088383
4.028320, 3.064931
4.029297, 3.029902
4.030273, 3.041314
4.031250, 3.002593
4.032227, 3.125010
4.033203, 3.193523
4.034180, 3.162546
4.035156, 3.239279
4.036133, 3.297140
4.037109, 3.211421
4.038086, 3.122589
4.039062, 3.133297
4.040039, 3.063071
4.041016, 3.148212
4.041992, 3.072509
4.042969, 3.092931
4.043945, 3.062015
4.044922, 3.042920
4.045898, 3.013536
4.046875, 2.929775
4.047852, 2.860763
4.048828, 2.891507
4.049805, 2.911958
4.050781, 2.914074
4.051758, 2.877148
4.052734, 2.866695
4.053711, 2.835048
4.054688, 2.763736
4.055664, 2.844341
4.056641, 2.799822
4.057617, 2.813442
4.058594, 2.813679
4.059570, 2.793715
4.060547, 2.784019
4.061523, 2.725725
4.062500, 2.779475
4.063477, 2.810162
4.064453, 2.699559
4.065430, 2.642556
4.066406, 2.634229
4.067383, 2.685945
4.068359, 2.686889
4.069336, 2.696947
4.070312, 2.670722
4.071289, 2.626023
4.072266, 2.624622
4.073242, 2.529192
4.074219, 2.593465
4.075195, 2.638653
4.076172, 2.665310
4.077148, 2.600488
4.078125, 2.596823
4.079102, 2.601480
4.080078, 2.473144
4.081055, 2.436226
4.082031, 2.366879
4.083008, 2.436880
4.083984, 2.475404
4.084961, 2.505844
4.085938, 2.513524
4.086914, 2.587246
4.087891, 2.640717
4.088867, 2.683037
4.089844, 2.653744
4.090820, 2.607686
4.091797, 2.610210
4.092773, 2.635543
4.093750, 2.510156
4.094727, 2.479236
4.095703, 2.436966
4.096680, 2.498041
4.097656, 2.542439
4.098633, 2.638393
4.099609, 2.646373
4.100586, 2.692810
4.101562, 2.692449
4.102539, 2.659320
4.103516, 2.740159
4.104492, 2.694720
4.105469, 2.717394
4.106445, 2.682834
4.107422, 2.762568
4.108398, 2.785410
4.109375, 2.768058
4.110352, 2.749301
4.111328, 2.719824
4.112305, 2.700195
4.113281, 2.710711
4.114258, 2.667436
4.115234, 2.743260
4.116211, 2.819930
4.117188, 2.782263
4.118164, 2.795343
4.119141, 2.764804
4.120117, 2.764719
4.121094, 2.802518
4.122070, 2.776605
4.123047, 2.741156
4.124023, 2.744814
4.125000, 2.604354
4.125977, 2.642671
4.126953, 2.658924
4.127930, 2.614560
4.128906, 2.536530
4.129883, 2.520503
4.130859, 2.507473
4.131836, 2.468559
4.132812, 2.489203
4.133789, 2.517733
4.134766, 2.531140
4.135742, 2.595764
4.136719, 2.613680
4.137695, 2.563999
4.138672, 2.564040
4.139648, 2.545351
4.140625, 2.587460
4.141602, 2.526214
4.142578, 2.594498
4.143555, 2.672566
4.144531, 2.719091
4.145508, 2.808754
4.146484, 2.795561
4.147461, 2.782873
4.148438, 2.801154
4.149414, 2.806748
4.150391, 2.792851
4.151367, 2.743378
4.152344, 2.717333
4.153320, 2.688725
4.154297, 2.736098
4.155273, 2.735478
4.156250, 2.693860
4.157227, 2.650680
4.158203, 2.692681
4.159180, 2.705396
4.160156, 2.787786
4.161133, 2.825588
4.162109, 2.793345
4.163086, 2.784194
4.164062, 2.810919
4.165039, 2.848393
4.166016, 2.969220
4.166992, 2.923977
4.167969, 2.860036
4.168945, 2.803109
4.169922, 2.833098
4.170898, 2.793917
4.171875, 2.773763
4.172852, 2.801752
4.173828, 2.931297
4.174805, 2.962622
4.175781, 3.044812
4.176758, 2.989513
4.177734, 2.943650
4.178711, 3.042261
4.179688, 3.125761
4.180664, 3.143064
4.181641, 3.222157
4.182617, 3.290281
4.183594, 3.266305
4.184570, 3.347700
4.185547, 3.417980
4.186523, 3.452306
4.187500, 3.487597
4.188477, 3.574379
4.189453, 3.680389
4.190430, 3.700254
4.191406, 3.729575
4.192383, 3.702561
4.193359, 3.746298
4.194336, 3.702416
4.195312, 3.870386
4.196289, 3.964064
4.197266, 3.950058
4.198242, 4.167527
4.199219, 4.174217
4.200195, 4.439390
4.201172, 4.444729
4.202148, 4.374948
4.203125, 4.261888
4.204102, 4.279515
4.205078, 4.240121
4.206055, 4.245867
4.207031, 4.163476
4.208008, 4.199701
4.208984, 4.321792
4.209961, 4.309866
4.210938, 4.345165
4.211914, 4.263010
4.212891, 4.220666
4.213867, 4.356398
4.214844, 4.592800
4.215820, 4.536093
4.216797, 4.484946
4.217773, 4.356511
4.218750, 4.375333
4.219727, 4.424403
4.220703, 4.544429
4.221680, 4.575929
4.222656, 4.573012
4.223633, 4.721851
4.224609, 4.812747
4.225586, 4.861145
4.226562, 4.763764
4.227539, 4.830489
4.228516, 4.788988
4.229492, 4.785471
4.230469, 4.812441
4.231445, 4.940641
4.232422, 4.844556
4.233398, 4.832741
4.234375, 4.742099
4.235352, 4.687674
4.236328, 4.689423
4.237305, 4.626319
4.238281, 4.518478
4.239258, 4.493005
4.240234, 4.470639
4.241211, 4.552972
4.242188, 4.450472
4.243164, 4.415580
4.244141, 4.300829
4.245117, 4.240620
4.246094, 4.309247
4.247070, 4.347369
4.248047, 4.490127
4.249023, 4.325967
4.250000, 4.344351
4.250977, 4.276865
4.251953, 4.323516
4.252930, 4.290087
4.253906, 4.281401
4.254883, 4.361590
4.255859, 4.445309
4.256836, 4.339027
4.257812, 4.423458
4.258789, 4.434727
4.259766, 4.410440
4.260742, 4.456176
4.261719, 4.434203
4.262695, 4.331806
4.263672, 4.168871
4.264648, 4.226431
4.265625, 4.329291
4.266602, 4.305701
4.267578, 4.328148
4.268555, 4.340947
4.269531, 4.255113
4.270508, 4.173338
4.271484, 4.250287
4.272461, 4.350295
4.273438, 4.412874
4.274414, 4.362207
4.275391, 4.341948
4.276367, 4.331952
4.277344, 4.383398
4.278320, 4.265261
4.279297, 4.332934
4.280273, 4.276837
4.281250, 4.314267
4.282227, 4.253522
4.283203, 4.134928
4.284180, 4.069018
4.285156, 3.978962
4.286133, 3.938965
4.287109, 3.927682
4.288086, 3.771460
4.289062, 3.618286
4.290039, 3.591801
4.291016, 3.690370
4.291992, 3.648662
4.292969, 3.703706
4.293945, 3.671064
4.294922, 3.699649
4.295898, 3.713431
4.296875, 3.627724
4.297852, 3.631869
4.298828, 3.632804
4.299805, 3.597722
4.300781, 3.661312
4.301758, 3.694494
4.302734, 3.699953
4.303711, 3.668956
4.304688, 3.733191
4.305664, 3.739322
4.306641, 3.737372
4.307617, 3.766311
4.308594, 3.771224
4.309570, 3.695435
4.310547, 3.759334
4.311523, 3.753684
4.312500, 3.721226
4.313477, 3.687773
4.314453, 3.714841
4.315430, 3.746445
4.316406, 3.760038
4.317383, 3.773205
4.318359, 3.787825
4.319336, 3.872308
4.320312, 3.822252
4.321289, 3.841267
4.322266, 3.724377
4.323242, 3.696125
4.324219, 3.575886
4.325195, 3.484191
4.326172, 3.469206
4.327148, 3.575238
4.328125, 3.600644
4.329102, 3.576077
4.330078, 3.575133
4.331055, 3.589948
4.332031, 3.591968
4.333008, 3.503702
4.333984, 3.567183
4.334961, 3.657573
4.335938, 3.499283
4.336914, 3.492644
4.337891, 3.532954
4.338867, 3.597895
4.339844, 3.561764
4.340820, 3.633272
4.341797, 3.578816
4.342773, 3.651962
4.343750, 3.658601
4.344727, 3.608668
4.345703, 3.672318
4.346680, 3.578430
4.347656, 3.574744
4.348633, 3.556600
4.349609, 3.508855
4.350586, 3.506067
4.351562, 3.545667
4.352539, 3.611523
4.353516, 3.552691
4.354492, 3.561518
4.355469, 3.537614
4.356445, 3.492138
4.357422, 3.513262
4.358398, 3.540392
4.359375, 3.516175
4.360352, 3.576216
4.361328, 3.639569
4.362305, 3.617893
4.363281, 3.625044
4.364258, 3.613409
4.365234, 3.546008
4.366211, 3.580181
4.367188, 3.630485
4.368164, 3.640340
4.369141, 3.696059
4.370117, 3.653098
4.371094, 3.569253
4.372070, 3.483610
4.373047, 3.544585
4.374023, 3.556905
4.375000, 3.600339
4.375977, 3.618240
4.376953, 3.741947
4.377930, 3.707824
4.378906, 3.823300
4.379883, 3.871315
4.380859, 3.827050
4.381836, 3.877997
4.382812, 3.811038
4.383789, 3.774499
4.384766, 3.766469
4.385742, 3.827219
4.386719, 3.826160
4.387695, 3.879713
4.388672, 3.828616
4.389648, 3.867869
4.390625, 3.870921
4.391602, 3.767325
4.392578, 3.812922
4.393555, 3.905363
4.394531, 4.000361
4.395508, 4.007443
4.396484, 4.062124
4.397461, 4.117223
4.398438, 4.173811
4.399414, 4.149519
4.400391, 4.196331
4.401367, 4.407231
4.402344, 4.387687
4.403320, 4.456445
4.404297, 4.439142
4.405273, 4.393310
4.406250, 4.346915
4.407227, 4.325921
4.408203, 4.304536
4.409180, 4.352163
4.410156, 4.463989
4.411133, 4.391888
4.412109, 4.466375
4.413086, 4.608100
4.414062, 4.549093
4.415039, 4.689906
4.416016, 4.618109
4.416992, 4.706013
4.417969, 4.711420
4.418945, 4.685736
4.419922, 4.640833
4.420898, 4.723198
4.421875, 4.619775
4.422852, 4.643927
4.423828, 4.732413
4.424805, 4.866740
4.425781, 4.831498
4.426758, 4.787561
4.427734, 4.714667
4.428711, 4.433553
4.429688, 4.479297
4.430664, 4.428417
4.431641, 4.437786
4.432617, 4.405199
4.433594, 4.337681
4.434570, 4.264526
4.435547, 4.362969
4.436523, 4.326461
4.437500, 4.315861
4.438477, 4.093555
4.439453, 4.051401
4.440430, 4.013049
4.441406, 3.955327
4.442383, 3.927772
4.443359, 3.962123
4.444336, 3.997135
4.445312, 3.920209
4.446289, 3.821833
4.447266, 3.749966
4.448242, 3.744695
4.449219, 3.669796
4.450195, 3.619001
4.451172, 3.725266
4.452148, 3.688298
4.453125, 3.619800
4.454102, 3.540246
4.455078, 3.596441
4.456055, 3.545425
4.457031, 3.540784
4.458008, 3.608970
4.458984, 3.648592
4.459961, 3.674478
4.460938, 3.698816
4.461914, 3.743350
4.462891, 3.850636
4.463867, 3.819940
4.464844, 3.820517
4.465820, 3.750492
4.466797, 3.695560
4.467773, 3.646209
4.468750, 3.728745
4.469727, 3.741333
4.470703, 3.708612
4.471680, 3.792747
4.472656, 3.812596
4.473633, 3.862294
4.474609, 3.929653
4.475586, 3.903711
4.476562, 3.867314
4.477539, 3.850062
4.478516, 3.858335
4.479492, 3.770378
4.480469, 3.670920
4.481445, 3.549401
4.482422, 3.455669
4.483398, 3.419651
4.484375, 3.403770
4.485352, 3.371706
4.486328, 3.284795
4.487305, 3.254581
4.488281, 3.226988
4.489258, 3.208308
4.490234, 3.233403
4.491211, 3.426073
4.492188, 3.376413
4.493164, 3.421616
4.494141, 3.465685
4.495117, 3.464815
4.496094, 3.520565
4.497070, 3.553282
4.498047, 3.646173
4.499023, 3.616016
4.500000, 3.528089
4.500977, 3.545161
4.501953, 3.582204
4.502930, 3.627778
4.503906, 3.576414
4.504883, 3.710775
4.505859, 3.606159
4.506836, 3.550675
4.507812, 3.641497
4.508789, 3.659395
4.509766, 3.724020
4.510742, 3.631743
4.511719, 3.658088
4.512695, 3.627983
4.513672, 3.500247
4.514648, 3.399391
4.515625, 3.406370
4.516602, 3.405805
4.517578, 3.493202
4.518555, 3.458764
4.519531, 3.532908
4.520508, 3.640092
4.521484, 3.606512
4.522461, 3.603892
4.523438, 3.641071
4.524414, 3.700277
4.525391, 3.709160
4.526367, 3.701924
4.527344, 3.640317
4.528320, 3.559657
4.529297, 3.639896
4.530273, 3.641224
4.531250, 3.620353
4.532227, 3.463718
4.533203, 3.441808
4.534180, 3.427345
4.535156, 3.488687
4.536133, 3.531975
4.537109, 3.476389
4.538086, 3.448980
4.539062, 3.409220
4.540039, 3.397220
4.541016, 3.343978
4.541992, 3.286353
4.542969, 3.224817
4.543945, 3.208100
4.544922, 3.263877
4.545898, 3.230295
4.546875, 3.110816
4.547852, 3.092119
4.548828, 3.083908
4.549805, 3.093318
4.550781, 3.153838
4.551758, 3.207492
4.552734, 3.323259
4.553711, 3.258946
4.554688, 3.188464
4.555664, 3.311549
4.556641, 3.281699
4.557617, 3.236157
4.558594, 3.230065
4.559570, 3.308969
4.560547, 3.331011
4.561523, 3.302644
4.562500, 3.274584
4.563477, 3.208706
4.564453, 3.218474
4.565430, 3.236034
4.566406, 3.341057
4.567383, 3.370765
4.568359, 3.393533
4.569336, 3.336199
4.570312, 3.379210
4.571289, 3.335081
4.572266, 3.318837
4.573242, 3.398539
4.574219, 3.556937
4.575195, 3.606935
4.576172, 3.643473
4.577148, 3.600790
4.578125, 3.612514
4.579102, 3.575747
4.580078, 3.435527
4.581055, 3.353734
4.582031, 3.401305
4.583008, 3.345623
4.583984, 3.344863
4.584961, 3.357603
4.585938, 3.409443
4.586914, 3.451545
4.587891, 3.350531
4.588867, 3.244784
4.589844, 3.313893
4.590820, 3.324468
4.591797, 3.320857
4.592773, 3.331431
4.593750, 3.330401
4.594727, 3.316516
4.595703, 3.370424
4.596680, 3.374047
4.597656, 3.315881
4.598633, 3.377142
4.599609, 3.459977
4.600586, 3.435911
4.601562, 3.372396
4.602539, 3.327091
4.603516, 3.377553
4.604492, 3.353385
4.605469, 3.357344
4.606445, 3.358679
4.607422, 3.335339
4.608398, 3.281300
4.609375, 3.224145
4.610352, 3.245007
4.611328, 3.293663
4.612305, 3.259411
4.613281, 3.244893
4.614258, 3.181071
4.615234, 3.112022
4.616211, 3.095893
4.617188, 3.069096
4.618164, 3.075345
4.619141, 3.064467
4.620117, 3.062785
4.621094, 3.117415
4.622070, 3.046852
4.623047, 2.996901
4.624023, 3.054751
4.625000, 3.015495
4.625977, 3.007372
4.626953, 2.956300
4.627930, 2.997198
4.628906, 3.014282
4.629883, 3.074358
4.630859, 3.042388
4.631836, 3.097114
4.632812, 3.180572
4.633789, 3.171106
4.634766, 3.190116
4.635742, 3.253258
4.636719, 3.297562
4.637695, 3.313328
4.638672, 3.350421
4.639648, 3.419955
4.640625, 3.272090
4.641602, 3.234857
4.642578, 3.301250
4.643555, 3.205188
4.644531, 3.239573
4.645508, 3.254329
4.646484, 3.224758
4.647461, 3.260945
4.648438, 3.144046
4.649414, 3.134714
4.650391, 3.177168
4.651367, 3.144419
4.652344, 3.160892
4.653320, 3.160092
4.654297, 3.192182
4.655273, 3.124109
4.656250, 3.226936
4.657227, 3.160509
4.658203, 3.156230
4.659180, 3.173950
4.660156, 3.291539
4.661133, 3.258144
4.662109, 3.364071
4.663086, 3.273785
4.664062, 3.250788
4.665039, 3.234133
4.666016, 3.229574
4.666992, 3.303153
4.667969, 3.280674
4.668945, 3.326713
4.669922, 3.367916
4.670898, 3.472346
4.671875, 3.436614
4.672852, 3.371874
4.673828, 3.323868
4.674805, 3.349458
4.675781, 3.321606
4.676758, 3.374950
4.677734, 3.352467
4.678711, 3.423259
4.679688, 3.527009
4.680664, 3.400073
4.681641, 3.493648
4.682617, 3.484728
4.683594, 3.540100
4.684570, 3.529786
4.685547, 3.544271
4.686523, 3.464232
4.687500, 3.438164
4.688477, 3.498157
4.689453, 3.524876
4.690430, 3.423118
4.691406, 3.479534
4.692383, 3.495740
4.693359, 3.462372
4.694336, 3.451024
4.695312, 3.450666
4.696289, 3.548403
4.697266, 3.605307
4.698242, 3.525964
4.699219, 3.571957
4.700195, 3.541573
4.701172, 3.647025
4.702148, 3.672471
4.703125, 3.708671
4.704102, 3.804220
4.705078, 3.811849
4.706055, 3.733030
4.707031, 3.741499
4.708008, 3.690802
4.708984, 3.810753
4.709961, 3.906791
4.710938, 3.944988
4.711914, 3.996286
4.712891, 4.044575
4.713867, 4.072718
4.714844, 4.194847
4.715820, 4.284021
4.716797, 4.447887
4.717773, 4.576351
4.718750, 4.518021
4.719727, 4.527099
4.720703, 4.388159
4.721680, 4.440621
4.722656, 4.434972
4.723633, 4.353066
4.724609, 4.311225
4.725586, 4.248456
4.726562, 4.277713
4.727539, 4.248655
4.728516, 4.242465
4.729492, 4.101890
4.730469, 4.143250
4.731445, 4.086584
4.732422, 4.157138
4.733398, 4.152646
4.734375, 4.156029
4.735352, 4.153060
4.736328, 4.204256
4.737305, 4.307958
4.738281, 4.331357
4.739258, 4.366723
4.740234, 4.431666
4.741211, 4.520032
4.742188, 4.718418
4.743164, 4.585780
4.744141, 4.449339
4.745117, 4.583406
4.746094, 4.491938
4.747070, 4.404131
4.748047, 4.444088
4.749023, 4.439915
4.750000, 4.375897
4.750977, 4.413631
4.751953, 4.448391
4.752930, 4.446534
4.753906, 4.552260
4.754883, 4.608905
4.755859, 4.599282
4.756836, 4.488468
4.757812, 4.382286
4.758789, 4.361444
4.759766, 4.343349
4.760742, 4.298142
4.761719, 4.304059
4.762695, 4.222111
4.763672, 4.324865
4.764648, 4.481349
4.765625, 4.443650
4.766602, 4.470143
4.767578, 4.430076
4.768555, 4.310745
4.769531, 4.431233
4.770508, 4.306778
4.771484, 4.318874
4.772461, 4.236311
4.773438, 4.242767
4.774414, 4.333344
4.775391, 4.229128
4.776367, 4.304498
4.777344, 4.323826
4.778320, 4.399062
4.779297, 4.384602
4.780273, 4.330008
4.781250, 4.372744
4.782227, 4.180763
4.783203, 4.242173
4.784180, 4.151839
4.785156, 4.118108
4.786133, 4.189587
4.787109, 4.209211
4.788086, 4.217166
4.789062, 4.133858
4.790039, 4.088161
4.791016, 4.006275
4.791992, 4.104881
4.792969, 4.198937
4.793945, 4.207776
4.794922, 4.254476
4.795898, 4.261124
4.796875, 4.388760
4.797852, 4.307999
4.798828, 4.383665
4.799805, 4.417699
4.800781, 4.454972
4.801758, 4.654962
4.802734, 4.666293
4.803711, 4.714876
4.804688, 4.696711
4.805664, 4.684011
4.806641, 4.708498
4.807617, 4.600521
4.808594, 4.641274
4.809570, 4.637519
4.810547, 4.738101
4.811523, 4.623658
4.812500, 4.570421
4.813477, 4.639523
4.814453, 4.755268
4.815430, 4.717920
4.816406, 4.895171
4.817383, 4.818764
4.818359, 4.767151
4.819336, 4.710328
4.820312, 4.783544
4.821289, 4.781103
4.822266, 5.013114
4.823242, 5.005050
4.824219, 4.895891
4.825195, 4.959619
4.826172, 4.924739
4.827148, 4.867623
4.828125, 4.889398
4.829102, 4.902733
4.830078, 4.803358
4.831055, 4.782530
4.832031, 4.925587
4.833008, 5.073685
4.833984, 5.113364
4.834961, 5.147733
4.835938, 5.234545
4.836914, 5.191809
4.837891, 4.976565
4.838867, 5.009980
4.839844, 5.033952
4.840820, 5.004390
4.841797, 5.109627
4.842773, 5.086927
4.843750, 5.121590
4.844727, 5.049733
4.845703, 4.992075
4.846680, 4.908785
4.847656, 4.973006
4.848633, 4.956798
4.849609, 4.777847
4.850586, 4.697292
4.851562, 4.821340
4.852539, 4.927559
4.853516, 5.026755
4.854492, 4.962222
4.855469, 4.956042
4.856445, 4.969373
4.857422, 5.033010
4.858398, 4.953183
4.859375, 5.073982
4.860352, 5.102628
4.861328, 5.153213
4.862305, 5.082946
4.863281, 5.088961
4.864258, 5.075748
4.865234, 5.006585
4.866211, 5.187611
4.867188, 5.191247
4.868164, 5.125960
4.869141, 5.083943
4.870117, 4.994461
4.871094, 4.915211
4.872070, 5.021777
4.873047, 4.961240
4.874023, 4.978128
4.875000, 4.961712
4.875977, 4.901585
4.876953, 4.909500
4.877930, 4.679481
4.878906, 4.606848
4.879883, 4.531353
4.880859, 4.595941
4.881836, 4.539348
4.882812, 4.487361
4.883789, 4.510253
4.884766, 4.587642
4.885742, 4.685976
4.886719, 4.707000
4.887695, 4.786495
4.888672, 4.931789
4.889648, 4.913593
4.890625, 4.923753
4.891602, 5.004243
4.892578, 4.974349
4.893555, 5.058037
4.894531, 5.170867
4.895508, 5.371790
4.896484, 5.324279
4.897461, 5.358849
4.898438, 5.354353
4.899414, 5.427829
4.900391, 5.396568
4.901367, 5.459496
4.902344, 5.590340
4.903320, 5.587894
4.904297, 5.500005
4.905273, 5.365877
4.906250, 5.516190
4.907227, 5.433036
4.908203, 5.353725
4.909180, 5.397807
4.910156, 5.561325
4.911133, 5.620420
4.912109, 5.574637
4.913086, 5.442245
4.914062, 5.523316
4.915039, 5.457351
4.916016, 5.422809
4.916992, 5.550336
4.917969, 5.326028
4.918945, 5.400884
4.919922, 5.435042
4.920898, 5.349019
4.921875, 5.403638
4.922852, 5.341946
4.923828, 5.314921
4.924805, 5.264484
4.925781, 5.239361
4.926758, 5.126385
4.927734, 5.220737
4.928711, 5.142534
4.929688, 5.189725
4.930664, 5.264876
4.931641, 5.463477
4.932617, 5.457413
4.933594, 5.334188
4.934570, 5.460740
4.935547, 5.580253
4.936523, 5.579887
4.937500, 5.655860
4.938477, 5.916943
4.939453, 5.976752
4.940430, 5.934811
4.941406, 6.001165
4.942383, 5.904548
4.943359, 5.918756
4.944336, 5.984770
4.945312, 6.132801
4.946289, 6.033211
4.947266, 6.207202
4.948242, 6.269688
4.949219, 6.377743
4.950195, 6.281243
4.951172, 6.217182
4.952148, 6.081751
4.953125, 5.931955
4.954102, 5.774460
4.955078, 5.834996
4.956055, 5.841961
4.957031, 5.672959
4.958008, 5.669283
4.958984, 5.609065
4.959961, 5.462601
4.960938, 5.482254
4.961914, 5.423808
4.962891, 5.403208
4.963867, 5.408422
4.964844, 5.344983
4.965820, 5.340433
4.966797, 5.436186
4.967773, 5.482225
4.968750, 5.435434
4.969727, 5.447134
4.970703, 5.605323
4.971680, 5.754496
4.972656, 5.886704
4.973633, 6.060722
4.974609, 6.057579
4.975586, 6.201983
4.976562, 6.119387
4.977539, 6.239042
4.978516, 6.298344
4.979492, 6.325257
4.980469, 6.422518
4.981445, 6.615822
4.982422, 6.540625
4.983398, 6.491355
4.984375, 6.457767
4.985352, 6.216031
4.986328, 6.106098
4.987305, 6.227813
4.988281, 6.299854
4.989258, 6.570205
4.990234, 6.532060
4.991211, 6.521838
4.992188, 6.777706
4.993164, 6.975059
4.994141, 7.016762
4.995117, 7.101891
4.996094, 6.959235
4.997070, 6.991792
4.998047, 6.821890
4.999023, 6.925194
5.000000, 6.937685
